1 0.052917 0.000692 0.072500 0.000625
1 0.130000 0.000692 0.065000 0.000625
1 0.212500 0.000670 0.033333 0.000491
1 0.290833 0.000692 0.075000 0.000491
1 0.372917 0.000670 0.045833 0.000491
1 0.479167 0.000681 0.096667 0.000558
0 0.841250 0.000681 0.022500 0.000692
1 0.873750 0.000681 0.022500 0.000826
4 0.926667 0.000681 0.076667 0.000558
1 0.985000 0.000681 0.020000 0.000424
1 0.584167 0.003750 0.175000 0.000893
1 0.247917 0.005078 0.115833 0.000826
18 0.277917 0.006127 0.020833 0.000558
7 0.199167 0.006116 0.020000 0.000536
7 0.202917 0.010513 0.024167 0.000625
7 0.204167 0.011283 0.021667 0.000558
7 0.203750 0.012053 0.019167 0.000670
5 0.204167 0.012857 0.025000 0.000536
1 0.582500 0.015725 0.135000 0.000692
1 0.257083 0.016975 0.142500 0.000558
1 0.032917 0.001808 0.037500 0.000491
1 0.057917 0.002712 0.080833 0.000424
1 0.040000 0.003661 0.045000 0.000580
1 0.062083 0.004576 0.097500 0.000491
1 0.065417 0.005480 0.099167 0.000424
1 0.052917 0.006306 0.044167 0.000469
1 0.084167 0.007087 0.108333 0.000558
1 0.058333 0.007913 0.058333 0.000513
1 0.072917 0.008716 0.085833 0.000469
1 0.074167 0.009553 0.086667 0.000536
1 0.058750 0.010312 0.052500 0.000402
1 0.053750 0.011149 0.047500 0.000424
5 0.196250 0.018158 0.022500 0.000558
5 0.218750 0.022410 0.019167 0.000536
5 0.295417 0.022432 0.010833 0.000670
18 0.325000 0.023738 0.025000 0.000558
18 0.265417 0.023805 0.022500 0.000558
5 0.220417 0.025066 0.017500 0.000491
5 0.217500 0.027789 0.020000 0.000625
1 0.582917 0.030568 0.164167 0.000781
1 0.277500 0.031963 0.180000 0.000625
0 0.237500 0.033068 0.100000 0.000647
7 0.416250 0.037242 0.024167 0.000558
7 0.345000 0.037253 0.021667 0.000536
7 0.267500 0.037242 0.020000 0.000603
5 0.220000 0.038559 0.018333 0.000469
5 0.220833 0.039920 0.018333 0.000603
0 0.257917 0.042643 0.095833 0.000603
1 0.581250 0.045400 0.177500 0.000759
3 0.400833 0.048212 0.416667 0.001161
0 0.247917 0.049406 0.117500 0.000558
1 0.284167 0.051672 0.190000 0.000625
3 0.397500 0.053078 0.420000 0.001116
1 0.312083 0.056058 0.247500 0.000558
3 0.400417 0.057509 0.415833 0.001094
3 0.278750 0.060388 0.182500 0.000692
3 0.397500 0.061906 0.415000 0.001183
3 0.276667 0.066370 0.168333 0.000915
1 0.316250 0.064897 0.257500 0.000603
1 0.370000 0.069294 0.365000 0.000692
3 0.397083 0.070689 0.417500 0.000982
1 0.582500 0.073412 0.100000 0.000759
1 0.246250 0.074785 0.112500 0.000603
4 0.275417 0.076816 0.167500 0.001049
4 0.273750 0.079316 0.167500 0.001004
1 0.333750 0.082195 0.287500 0.000558
4 0.276667 0.083646 0.165000 0.001049
4 0.262500 0.086972 0.145000 0.000647
4 0.275417 0.089081 0.167500 0.001027
4 0.275417 0.091916 0.170833 0.001161
4 0.271250 0.097161 0.167500 0.001339
1 0.331667 0.095141 0.281667 0.000647
4 0.276667 0.099739 0.170000 0.001049
1 0.260000 0.102663 0.140000 0.000647
5 0.197917 0.103790 0.020833 0.000580
4 0.274167 0.105598 0.166667 0.001116
4 0.272500 0.108098 0.165000 0.001027
1 0.296250 0.111011 0.219167 0.000692
4 0.275417 0.113109 0.169167 0.001183
4 0.275417 0.115542 0.165833 0.001183
1 0.308750 0.118533 0.237500 0.000603
4 0.275000 0.120575 0.170000 0.001116
4 0.273750 0.123053 0.172500 0.001205
1 0.326667 0.125988 0.273333 0.000558
4 0.272500 0.127439 0.165000 0.001138
1 0.332500 0.130374 0.290000 0.000580
4 0.274167 0.131780 0.170000 0.001205
1 0.316667 0.134782 0.253333 0.000558
4 0.276667 0.136166 0.168333 0.001049
1 0.340000 0.139168 0.300000 0.000625
4 0.272500 0.140619 0.170000 0.001116
1 0.375000 0.143554 0.370000 0.000469
4 0.276250 0.145641 0.167500 0.001027
4 0.275417 0.148085 0.167500 0.001183
1 0.583750 0.150797 0.092500 0.000759
1 0.247917 0.152125 0.110833 0.000692
3 0.397500 0.153587 0.415000 0.000893
6 0.400417 0.155328 0.417500 0.001473
3 0.397500 0.159859 0.415000 0.001116
3 0.275000 0.164390 0.170000 0.001116
4 0.452500 0.164379 0.170000 0.001272
0 0.335417 0.168910 0.017500 0.000558
3 0.396250 0.173285 0.417500 0.001138
3 0.291667 0.179278 0.200000 0.001116
3 0.498750 0.179278 0.202500 0.001116
6 0.401250 0.181030 0.417500 0.001451
6 0.400417 0.182905 0.414167 0.001451
3 0.272500 0.184858 0.165000 0.001116
3 0.447500 0.184869 0.165000 0.001183
3 0.624167 0.184858 0.166667 0.001027
3 0.400417 0.189311 0.415833 0.001049
3 0.397500 0.193753 0.415000 0.000960
1 0.582917 0.196911 0.097500 0.000714
1 0.244167 0.198362 0.108333 0.000536
12 0.311250 0.199690 0.242500 0.000469
1 0.385000 0.202212 0.390000 0.000558
12 0.314167 0.203596 0.241667 0.000424
3 0.293750 0.207781 0.167500 0.001116
3 0.474167 0.207826 0.170000 0.001116
3 0.656667 0.207826 0.168333 0.001027
3 0.836250 0.207848 0.167500 0.001027
5 0.218750 0.209265 0.019167 0.000558
5 0.217917 0.210638 0.019167 0.000580
5 0.286667 0.211955 0.020000 0.000491
5 0.218333 0.211977 0.020000 0.000580
5 0.219167 0.213294 0.018333 0.000536
12 0.331250 0.216274 0.242500 0.000335
1 0.582500 0.218852 0.145000 0.000759
1 0.265000 0.220236 0.150000 0.000536
14 0.291667 0.221709 0.196667 0.001116
14 0.289167 0.226106 0.195000 0.001116
1 0.286250 0.224622 0.192500 0.000647
1 0.305000 0.229030 0.230000 0.000491
14 0.285833 0.230548 0.195000 0.001071
14 0.497500 0.230492 0.195000 0.001183
14 0.702500 0.230481 0.195000 0.001116
14 0.288750 0.234923 0.197500 0.001161
14 0.290417 0.239253 0.197500 0.001250
1 0.356250 0.233472 0.332500 0.000491
1 0.336250 0.237869 0.297500 0.000536
1 0.346667 0.242266 0.320000 0.000491
14 0.284167 0.243717 0.195000 0.001250
1 0.278750 0.251239 0.177500 0.000714
14 0.285833 0.252567 0.195000 0.001094
14 0.285833 0.254442 0.195000 0.001183
14 0.288750 0.256239 0.197500 0.001116
14 0.285000 0.260647 0.195000 0.001272
1 0.279167 0.259185 0.176667 0.000714
1 0.297917 0.263649 0.214167 0.000625
14 0.272500 0.265033 0.165000 0.001116
0 0.396667 0.265245 0.055000 0.000781
14 0.289167 0.269486 0.198333 0.001138
1 0.337500 0.268024 0.290000 0.000491
14 0.288333 0.273916 0.201667 0.001161
0 0.365000 0.269486 0.015000 0.000424
0 0.363750 0.273928 0.017500 0.000513
0 0.366250 0.278269 0.017500 0.000491
14 0.287917 0.278325 0.197500 0.001049
1 0.336250 0.276885 0.292500 0.000625
1 0.353333 0.272410 0.330000 0.000558
1 0.577500 0.280981 0.145000 0.000737
1 0.267917 0.282309 0.155833 0.000625
3 0.273750 0.283782 0.167500 0.001116
18 0.275000 0.285311 0.165000 0.001183
9 0.275000 0.287041 0.165000 0.001473
5 0.250417 0.291293 0.125833 0.000424
1 0.286667 0.290255 0.193333 0.000625
18 0.276250 0.292063 0.052500 0.000625
18 0.342500 0.292063 0.060000 0.000625
4 0.660833 0.293157 0.185000 0.001116
3 0.281250 0.293168 0.182500 0.001049
3 0.470833 0.293168 0.185000 0.001183
1 0.331667 0.296304 0.286667 0.000625
3 0.273750 0.297643 0.177500 0.000625
3 0.275000 0.299384 0.175000 0.000625
3 0.281667 0.300969 0.190000 0.001205
3 0.283750 0.302788 0.182500 0.000960
1 0.287917 0.305846 0.192500 0.000513
3 0.275417 0.307319 0.167500 0.001183
4 0.447500 0.307308 0.170000 0.001116
3 0.273750 0.311705 0.167500 0.001027
1 0.332917 0.310243 0.289167 0.000781
1 0.329167 0.314640 0.276667 0.000558
1 0.277500 0.319026 0.175000 0.000625
3 0.288750 0.316158 0.197500 0.001183
3 0.492917 0.316169 0.197500 0.001116
4 0.276250 0.320622 0.167500 0.001183
3 0.458750 0.320622 0.187500 0.001183
3 0.284167 0.325142 0.186667 0.001116
1 0.582917 0.327865 0.087500 0.000848
1 0.240000 0.329193 0.105000 0.000558
0 0.219167 0.330443 0.041667 0.000647
0 0.215417 0.331258 0.055833 0.000580
0 0.203333 0.334751 0.018333 0.000647
0 0.215000 0.335532 0.055000 0.000558
1 0.246250 0.337753 0.112500 0.000625
0 0.237917 0.338947 0.084167 0.000558
0 0.216250 0.339784 0.067500 0.000625
1 0.582500 0.341659 0.125000 0.000893
1 0.254167 0.342987 0.130000 0.000692
1 0.580000 0.354058 0.115000 0.000781
1 0.252500 0.355442 0.120000 0.000558
1 0.250000 0.361647 0.125000 0.000781
1 0.370417 0.368946 0.360833 0.000513
1 0.325000 0.375151 0.275000 0.000469
5 0.248750 0.376256 0.102500 0.000491
1 0.336250 0.385061 0.292500 0.000692
7 0.340833 0.388219 0.025000 0.000536
7 0.284167 0.388186 0.021667 0.000603
7 0.227500 0.388208 0.020000 0.000469
1 0.449167 0.391255 0.520000 0.000714
0 0.583750 0.392572 0.042500 0.000491
1 0.262083 0.397460 0.152500 0.000625
1 0.248750 0.406991 0.122500 0.000536
5 0.365417 0.409502 0.019167 0.000558
3 0.441250 0.410685 0.167500 0.001094
3 0.443750 0.412482 0.167500 0.001116
0 0.388750 0.414033 0.047500 0.000692
0 0.220000 0.422604 0.030000 0.000692
1 0.276667 0.420997 0.175000 0.000647
1 0.582917 0.431376 0.082500 0.000826
1 0.237500 0.432693 0.105000 0.000647
0 0.225417 0.449020 0.032500 0.000580
0 0.292083 0.449009 0.045833 0.000558
1 0.582917 0.451297 0.109167 0.000759
1 0.247500 0.452670 0.125000 0.000737
1 0.582500 0.458674 0.205000 0.000692
1 0.288750 0.459991 0.197500 0.000603
4 0.582500 0.461330 0.785000 0.000960
4 0.584167 0.462435 0.783333 0.001116
1 0.325417 0.464957 0.267500 0.000759
3 0.293750 0.467814 0.172500 0.001116
3 0.470417 0.467814 0.167500 0.001116
4 0.931667 0.466553 0.021667 0.000692
1 0.944167 0.469979 0.031667 0.000446
0 0.583750 0.471497 0.777500 0.000982
0 0.583750 0.472680 0.782500 0.001116
1 0.583750 0.474912 0.127500 0.000759
1 0.255417 0.476229 0.137500 0.000625
1 0.582500 0.496641 0.070000 0.000737
1 0.232500 0.497958 0.090000 0.000692
1 0.270417 0.504219 0.167500 0.000670
1 0.582500 0.516975 0.080000 0.000915
0 0.202500 0.519631 0.025000 0.000826
0 0.206667 0.520814 0.023333 0.000781
0 0.205417 0.524709 0.024167 0.000848
0 0.207917 0.525836 0.027500 0.001049
0 0.202500 0.529597 0.030000 0.000982
0 0.205417 0.530702 0.032500 0.001049
5 0.231250 0.530646 0.022500 0.000625
5 0.231667 0.529597 0.021667 0.000625
0 0.305000 0.529664 0.020000 0.000848
0 0.311667 0.530702 0.021667 0.000826
1 0.295417 0.533280 0.205833 0.000625
0 0.221250 0.534664 0.017500 0.001027
0 0.223750 0.535724 0.022500 0.000960
0 0.206667 0.539552 0.025000 0.000982
0 0.208333 0.540712 0.016667 0.000759
1 0.584167 0.542956 0.110000 0.000826
1 0.264583 0.544284 0.157500 0.000625
0 0.255417 0.545545 0.130833 0.000781
3 0.293750 0.548614 0.167500 0.001116
0 0.237917 0.549998 0.035833 0.000759
1 0.315000 0.553000 0.250000 0.000692
0 0.261667 0.554239 0.143333 0.000848
3 0.295417 0.557319 0.164167 0.001027
0 0.237500 0.558714 0.045000 0.000692
1 0.584167 0.561359 0.080000 0.000714
1 0.310000 0.562743 0.240000 0.000580
0 0.255417 0.564138 0.137500 0.000826
0 0.395417 0.564194 0.134167 0.001027
0 0.525417 0.564138 0.122500 0.001049
0 0.255000 0.568390 0.135000 0.000982
0 0.392917 0.568457 0.135833 0.001027
0 0.530000 0.568401 0.135000 0.001049
1 0.373750 0.567006 0.362500 0.000625
1 0.434167 0.571314 0.485000 0.000491
0 0.257500 0.572642 0.135000 0.001049
0 0.390000 0.572642 0.130000 0.001049
3 0.273750 0.579606 0.167500 0.001183
0 0.241250 0.581146 0.092500 0.000915
5 0.304167 0.581135 0.016667 0.000491
0 0.257917 0.582262 0.132500 0.001049
0 0.394167 0.582329 0.135000 0.001183
0 0.525000 0.582307 0.125000 0.001094
0 0.351667 0.583423 0.086667 0.000826
1 0.485000 0.590320 0.595000 0.000737
0 0.257500 0.587708 0.133333 0.000915
0 0.388333 0.587675 0.123333 0.000982
0 0.521250 0.587641 0.145833 0.001049
0 0.257917 0.591659 0.129167 0.000915
0 0.393750 0.591659 0.142500 0.000960
0 0.527500 0.591659 0.125000 0.001049
0 0.221250 0.595911 0.062500 0.001250
0 0.280000 0.595900 0.055000 0.001183
0 0.280000 0.597228 0.055000 0.001116
0 0.222500 0.597228 0.065000 0.001250
0 0.257917 0.598489 0.134167 0.000915
0 0.392917 0.598545 0.134167 0.001027
0 0.523750 0.598545 0.127500 0.001027
0 0.391250 0.602853 0.137500 0.000804
0 0.252500 0.602797 0.130000 0.000915
0 0.526250 0.602797 0.127500 0.000915
0 0.651250 0.607116 0.137500 0.000937
0 0.522500 0.607116 0.120000 0.000982
0 0.394167 0.607127 0.140000 0.001049
0 0.257500 0.607116 0.130000 0.000982
0 0.358750 0.608165 0.072500 0.000714
0 0.252500 0.608165 0.125000 0.000848
1 0.582917 0.610330 0.110833 0.000848
1 0.248750 0.611647 0.132500 0.000759
0 0.557083 0.612953 0.057500 0.000781
0 0.491667 0.612953 0.066667 0.000737
0 0.423750 0.612897 0.067500 0.000848
0 0.356250 0.612908 0.057500 0.000826
0 0.287917 0.612908 0.079167 0.000826
0 0.217917 0.612908 0.054167 0.000826
0 0.557083 0.616457 0.057500 0.000781
0 0.495000 0.616457 0.080000 0.000826
0 0.422917 0.616457 0.054167 0.000960
0 0.357917 0.616513 0.060833 0.000848
0 0.286667 0.616457 0.065000 0.000826
0 0.217500 0.616457 0.055000 0.000915
0 0.558750 0.620062 0.052500 0.000848
0 0.492500 0.620084 0.075000 0.000759
0 0.423750 0.620073 0.052500 0.000737
0 0.358750 0.620084 0.062500 0.000759
0 0.286250 0.620006 0.067500 0.000692
0 0.219167 0.620006 0.053333 0.000781
0 0.557083 0.623633 0.057500 0.000848
0 0.492500 0.623633 0.075000 0.000759
0 0.424167 0.623633 0.055000 0.000848
0 0.356250 0.623633 0.062500 0.000759
0 0.283333 0.623622 0.065000 0.000781
0 0.220417 0.623633 0.052500 0.000759
0 0.366250 0.627316 0.032500 0.000714
0 0.323750 0.627249 0.037500 0.000848
0 0.287917 0.627249 0.034167 0.000848
0 0.245000 0.627249 0.035000 0.000848
0 0.207917 0.627238 0.032500 0.000826
0 0.595417 0.631077 0.035833 0.001049
0 0.530000 0.631077 0.040000 0.001049
0 0.467500 0.631088 0.040000 0.000893
0 0.403750 0.631088 0.042500 0.001116
0 0.341667 0.631077 0.043333 0.001183
0 0.277917 0.631077 0.044167 0.001183
0 0.215000 0.631088 0.045000 0.000982
0 0.505000 0.634916 0.030000 0.000781
0 0.457500 0.634916 0.025000 0.000781
0 0.407917 0.634916 0.034167 0.000826
0 0.356250 0.634916 0.037500 0.000915
0 0.308750 0.634972 0.037500 0.000937
0 0.257500 0.634972 0.040000 0.000893
0 0.210417 0.634972 0.037500 0.000893
1 0.581250 0.637840 0.192500 0.000647
1 0.285000 0.639157 0.195000 0.000692
0 0.312500 0.640552 0.073333 0.001116
0 0.257917 0.640541 0.044167 0.001049
0 0.212500 0.640485 0.045000 0.001116
0 0.336250 0.644480 0.042500 0.001071
0 0.294167 0.644458 0.038333 0.001116
0 0.252917 0.644458 0.040833 0.001205
0 0.212917 0.644458 0.039167 0.001205
1 0.581250 0.647449 0.097500 0.000625
1 0.260000 0.648777 0.140000 0.000558
0 0.405000 0.650674 0.110000 0.000870
1 0.582500 0.653565 0.090000 0.000670
1 0.241250 0.654915 0.107500 0.000692
0 0.457917 0.656131 0.077500 0.000759
0 0.371667 0.656120 0.085000 0.000692
0 0.292083 0.656120 0.070833 0.000781
0 0.223333 0.656165 0.068333 0.000781
1 0.249583 0.659502 0.122500 0.000491
0 0.275417 0.660752 0.164167 0.000625
0 0.273750 0.661667 0.165833 0.000759
0 0.275417 0.662549 0.165833 0.000870
0 0.274583 0.663453 0.165833 0.000714
1 0.280000 0.666522 0.175000 0.000513
0 0.260417 0.668274 0.014167 0.000357
3 0.303333 0.668285 0.065000 0.000692
1 0.262083 0.671265 0.147500 0.000714
3 0.451250 0.673073 0.062500 0.000625
0 0.405417 0.673017 0.012500 0.000335
0 0.326250 0.673017 0.012500 0.000469
0 0.260000 0.673017 0.015000 0.000469
1 0.582917 0.675796 0.079167 0.000714
1 0.233333 0.677113 0.095000 0.000625
1 0.230000 0.680539 0.080000 0.000692
1 0.581250 0.683675 0.222500 0.000848
1 0.298750 0.685059 0.212500 0.000625
0 0.299167 0.686320 0.223333 0.000781
7 0.415417 0.690661 0.020833 0.000580
7 0.345000 0.690628 0.020000 0.000513
7 0.267500 0.690672 0.020000 0.000558
7 0.267083 0.692000 0.024167 0.000491
7 0.365417 0.691967 0.020833 0.000558
12 0.327083 0.693373 0.099167 0.000469
1 0.582917 0.699690 0.177500 0.000692
1 0.286667 0.701018 0.186667 0.000714
0 0.286667 0.702279 0.200000 0.000826
1 0.308750 0.704701 0.232500 0.000759
12 0.582917 0.705605 0.784167 0.000290
1 0.312917 0.707491 0.252500 0.000759
0 0.288750 0.708819 0.197500 0.000826
1 0.281250 0.711241 0.182500 0.000625
12 0.582500 0.712167 0.785000 0.000335
7 0.266250 0.716106 0.020833 0.000491
7 0.345000 0.716084 0.021667 0.000580
7 0.416250 0.716073 0.022500 0.000513
7 0.540417 0.717401 0.017500 0.000625
7 0.472500 0.717423 0.020000 0.000536
7 0.365000 0.717401 0.020000 0.000491
7 0.268333 0.717412 0.021667 0.000603
12 0.325000 0.718785 0.095000 0.000491
12 0.582500 0.721553 0.740000 0.000402
1 0.584167 0.724287 0.095000 0.000692
3 0.505000 0.726932 0.165000 0.001027
3 0.683750 0.726999 0.167500 0.001071
0 0.317500 0.731329 0.255000 0.006830
5 0.342083 0.727155 0.019167 0.000625
5 0.272083 0.727144 0.019167 0.000603
5 0.199167 0.727133 0.018333 0.000625
1 0.581667 0.736407 0.175000 0.000826
1 0.294167 0.737735 0.210000 0.000625
0 0.226250 0.739543 0.077500 0.000893
1 0.581250 0.741697 0.112500 0.000781
1 0.265417 0.743014 0.145833 0.000603
3 0.275000 0.744487 0.165000 0.000960
0 0.227917 0.745871 0.075833 0.000826
1 0.582917 0.748315 0.135833 0.000714
1 0.261250 0.749632 0.147500 0.000625
3 0.274167 0.751105 0.166667 0.001116
3 0.454167 0.751094 0.168333 0.001183
0 0.602917 0.751295 0.109167 0.000781
1 0.583750 0.758203 0.107500 0.000759
1 0.248750 0.759531 0.117500 0.000603
0 0.236667 0.760781 0.091667 0.000915
1 0.327500 0.763147 0.275000 0.000558
4 0.274167 0.764609 0.166667 0.001071
0 0.410417 0.764754 0.090833 0.000781
0 0.245000 0.769207 0.115000 0.000759
0 0.409167 0.755636 0.086667 0.000848
3 0.274167 0.755480 0.168333 0.001116
1 0.378750 0.771651 0.382500 0.000781
0 0.583750 0.772979 0.092500 0.000893
3 0.450417 0.772767 0.167500 0.001272
3 0.273750 0.772834 0.167500 0.001138
1 0.316667 0.775769 0.256667 0.000759
0 0.233750 0.777019 0.092500 0.000848
5 0.335417 0.777008 0.102500 0.000647
1 0.385000 0.779441 0.395000 0.000692
0 0.515000 0.781048 0.095000 0.000558
0 0.432500 0.781037 0.030000 0.000357
0 0.381667 0.780992 0.038333 0.000491
0 0.216250 0.781751 0.052500 0.000848
0 0.407500 0.785791 0.095000 0.000982
3 0.272500 0.785646 0.165000 0.001049
1 0.345000 0.788659 0.315000 0.000558
0 0.283750 0.789898 0.187500 0.000848
4 0.274167 0.793726 0.165000 0.001049
0 0.572083 0.796929 0.097500 0.000848
1 0.582500 0.800913 0.140000 0.000826
3 0.631250 0.803625 0.167500 0.001027
3 0.450000 0.803603 0.165000 0.001161
3 0.275417 0.803625 0.165833 0.001027
0 0.951667 0.805366 0.013333 0.000625
0 0.916250 0.805299 0.012500 0.000714
4 0.757917 0.805232 0.050833 0.000982
1 0.582917 0.807799 0.162500 0.000625
1 0.267500 0.809127 0.160000 0.000558
20 0.541250 0.811426 0.712500 0.002388
1 0.583750 0.814261 0.092500 0.000737
1 0.328750 0.815600 0.282500 0.000558
20 0.583750 0.819651 0.787500 0.006696
1 0.389583 0.825086 0.402500 0.000692
20 0.582500 0.829182 0.785000 0.006830
20 0.581250 0.841380 0.787500 0.008995
0 0.244167 0.836157 0.088333 0.000826
0 0.355417 0.836224 0.115833 0.000826
0 0.452500 0.836213 0.065000 0.000848
20 0.578333 0.852942 0.785000 0.008861
1 0.281250 0.859281 0.172500 0.000424
20 0.584167 0.866178 0.790000 0.008995
3 0.582500 0.860732 0.785000 0.001094
1 0.267500 0.872517 0.160000 0.000692
20 0.581250 0.877729 0.787500 0.008839
0 0.950000 0.892349 0.015000 0.000625
0 0.918750 0.892304 0.017500 0.000491
20 0.581250 0.888878 0.787500 0.008013
20 0.581250 0.901210 0.782500 0.011294
0 0.950000 0.916477 0.010000 0.000491
0 0.916250 0.916466 0.012500 0.000558
4 0.760833 0.916321 0.060000 0.001116
3 0.581250 0.910250 0.782500 0.001071
20 0.582917 0.914167 0.785833 0.006049
0 0.950417 0.927414 0.019167 0.000491
0 0.916250 0.927414 0.012500 0.000491
0 0.885417 0.927414 0.010833 0.000491
0 0.850000 0.927414 0.020000 0.000625
4 0.702917 0.927269 0.054167 0.001049
1 0.287917 0.919189 0.194167 0.000558
20 0.578333 0.924055 0.785000 0.008147
20 0.581250 0.934233 0.787500 0.006763
1 0.280000 0.939601 0.185000 0.000625
20 0.582917 0.943708 0.785833 0.006830
5 0.218750 0.940996 0.017500 0.000558
5 0.217917 0.942168 0.017500 0.000446
5 0.217500 0.943284 0.020000 0.000491
5 0.216250 0.944322 0.017500 0.000558
5 0.217917 0.945382 0.017500 0.000491
5 0.216250 0.946476 0.017500 0.000491
1 0.274167 0.949065 0.170000 0.000670
20 0.584167 0.954221 0.788333 0.008839
20 0.415833 0.964812 0.460000 0.006986
1 0.310417 0.960571 0.239167 0.000692
19 0.296250 0.970113 0.217500 0.000625
20 0.582500 0.973796 0.790000 0.005937
1 0.301250 0.978606 0.222500 0.000558
20 0.582500 0.982289 0.790000 0.005781
20 0.583750 0.992188 0.792500 0.008839
1 0.957917 0.999275 0.067500 0.000379
1 0.884583 0.999286 0.032500 0.000402
0 0.363750 0.252701 0.017500 0.000513
0 0.363750 0.254498 0.017500 0.000580
0 0.363750 0.256250 0.022500 0.000558
0 0.362500 0.260647 0.020000 0.000647
1 0.147917 0.003627 0.012500 0.000424
1 0.147500 0.005469 0.011667 0.000402
1 0.404167 0.000670 0.010000 0.000446
1 0.062917 0.011964 0.060833 0.000446
6 0.236250 0.006160 0.044167 0.000446
6 0.313333 0.006183 0.043333 0.000446
8 0.238333 0.010535 0.041667 0.000357
8 0.237500 0.011328 0.035000 0.000290
8 0.240833 0.012087 0.045000 0.000290
8 0.238750 0.012868 0.042500 0.000335
6 0.237917 0.018191 0.049167 0.000446
6 0.254583 0.022443 0.045833 0.000379
6 0.345000 0.022454 0.068333 0.000268
6 0.357083 0.023805 0.035833 0.000379
6 0.290000 0.023760 0.025000 0.000379
6 0.255833 0.025166 0.045000 0.000335
6 0.268750 0.027845 0.075833 0.000379
8 0.300417 0.037264 0.044167 0.000379
8 0.377083 0.037286 0.037500 0.000335
8 0.444583 0.037253 0.029167 0.000357
6 0.254583 0.038603 0.042500 0.000335
6 0.255417 0.039931 0.042500 0.000402
6 0.245417 0.103823 0.067500 0.000379
6 0.258333 0.209276 0.056667 0.000357
6 0.276250 0.210683 0.089167 0.000268
6 0.247917 0.211999 0.037500 0.000402
6 0.319167 0.211977 0.043333 0.000357
8 0.370833 0.388275 0.030000 0.000379
8 0.310000 0.388253 0.023333 0.000290
8 0.253333 0.388230 0.025000 0.000335
6 0.268333 0.529642 0.045000 0.000268
6 0.272083 0.530724 0.050833 0.000290
6 0.371250 0.581179 0.107500 0.000312
8 0.300833 0.690650 0.040000 0.000469
8 0.312500 0.691978 0.058333 0.000402
8 0.414583 0.691967 0.069167 0.000335
8 0.442500 0.690661 0.025000 0.000402
8 0.376250 0.690650 0.034167 0.000424
8 0.301250 0.716095 0.039167 0.000379
8 0.375417 0.716106 0.037500 0.000402
8 0.442917 0.716095 0.029167 0.000424
8 0.312083 0.717434 0.060833 0.000379
8 0.414583 0.717412 0.069167 0.000379
8 0.501667 0.717423 0.030000 0.000402
8 0.570833 0.717446 0.031667 0.000357
6 0.386250 0.727155 0.059167 0.000357
6 0.305417 0.727133 0.044167 0.000268
6 0.234167 0.727166 0.046667 0.000290
