1 0.167630 0.000936 0.029427 0.001515
1 0.197846 0.001025 0.024698 0.000980
1 0.224908 0.000980 0.026274 0.001188
1 0.260116 0.000980 0.040988 0.001010
1 0.295586 0.000980 0.022596 0.001069
1 0.328166 0.001025 0.033106 0.001336
1 0.358644 0.000980 0.024698 0.001010
1 0.717026 0.000921 0.015239 0.001069
1 0.732528 0.000906 0.018917 0.001218
1 0.749869 0.000891 0.014714 0.001366
1 0.766421 0.000891 0.016290 0.001366
0 0.810037 0.000906 0.050972 0.001218
3 0.219128 0.002747 0.130321 0.000861
0 0.686285 0.005197 0.063058 0.001129
1 0.335786 0.011226 0.079874 0.003326
1 0.398318 0.011464 0.048345 0.000594
1 0.416185 0.010306 0.080925 0.000891
0 0.196269 0.004826 0.070941 0.000921
0 0.186548 0.005984 0.054651 0.000624
0 0.178140 0.007054 0.040988 0.000802
0 0.181555 0.008152 0.043615 0.000742
0 0.178403 0.009207 0.038360 0.000832
0 0.188912 0.010276 0.062533 0.000653
0 0.180767 0.031273 0.039937 0.000772
0 0.180242 0.032268 0.046243 0.000861
0 0.179716 0.033293 0.040988 0.000832
0 0.177352 0.034421 0.040462 0.000950
1 0.188912 0.036426 0.045717 0.000861
4 0.796637 0.002703 0.075670 0.001129
1 0.746978 0.005910 0.023647 0.000653
1 0.751445 0.006742 0.031529 0.000475
1 0.759327 0.007395 0.048345 0.000653
1 0.754598 0.008138 0.025223 0.000475
1 0.778508 0.008910 0.068839 0.000594
1 0.756700 0.009712 0.029427 0.000475
1 0.761429 0.010365 0.037835 0.000653
1 0.764319 0.011152 0.041513 0.000742
1 0.775092 0.011909 0.062007 0.000475
1 0.746190 0.012578 0.024172 0.000683
1 0.774829 0.013365 0.062533 0.000416
1 0.766947 0.014077 0.048870 0.000653
1 0.773778 0.014894 0.062533 0.000624
1 0.760378 0.015548 0.049396 0.000624
1 0.754073 0.016290 0.040988 0.000802
1 0.746978 0.017077 0.029953 0.000594
1 0.764057 0.017864 0.044141 0.000624
1 0.767472 0.018607 0.054125 0.000624
1 0.754335 0.019290 0.037310 0.000742
1 0.755123 0.020032 0.039937 0.000742
1 0.780084 0.020745 0.076195 0.000683
1 0.754598 0.021487 0.030478 0.000624
1 0.767472 0.022200 0.050972 0.000564
1 0.755386 0.022972 0.040462 0.000445
1 0.764057 0.023744 0.044141 0.000564
1 0.760116 0.024442 0.039411 0.000653
1 0.758539 0.025200 0.032055 0.000505
1 0.743037 0.025913 0.018917 0.000742
1 0.758539 0.026640 0.032055 0.000772
1 0.186022 0.011152 0.037835 0.000564
1 0.178928 0.012028 0.022596 0.000653
1 0.180242 0.012889 0.023121 0.000713
1 0.189700 0.013721 0.040988 0.000713
1 0.182081 0.014671 0.026800 0.000594
1 0.192065 0.015503 0.043615 0.000594
1 0.177614 0.016260 0.016816 0.000564
1 0.183132 0.017136 0.028902 0.000653
1 0.190489 0.018072 0.045717 0.000445
1 0.182606 0.018948 0.033106 0.000535
1 0.187073 0.019735 0.043090 0.000624
1 0.187073 0.020567 0.033631 0.000683
1 0.181293 0.021502 0.024172 0.000653
1 0.190489 0.022378 0.042564 0.000386
1 0.180767 0.023240 0.026274 0.000624
1 0.184971 0.024086 0.031529 0.000475
1 0.187599 0.024918 0.034682 0.000594
1 0.184708 0.025823 0.032055 0.000564
1 0.183920 0.026729 0.027325 0.000416
1 0.184708 0.027576 0.031004 0.000564
1 0.184971 0.028392 0.028376 0.000416
1 0.181293 0.029269 0.021019 0.000683
1 0.182081 0.030085 0.025749 0.000713
1 0.445349 0.023700 0.059380 0.000475
1 0.674199 0.025526 0.056752 0.000505
0 0.348660 0.037035 0.067788 0.001069
0 0.697846 0.039470 0.023121 0.000832
0 0.698634 0.057364 0.020494 0.000921
1 0.380189 0.073253 0.047819 0.000564
1 0.329217 0.073268 0.037310 0.000653
0 0.697583 0.075495 0.022596 0.000653
0 0.698371 0.097235 0.023121 0.000653
0 0.698634 0.111595 0.021545 0.000861
0 0.698108 0.124335 0.023647 0.000861
0 0.698108 0.138977 0.022596 0.000861
1 0.378875 0.164905 0.047294 0.000564
1 0.328166 0.164830 0.033106 0.000713
0 0.698371 0.167191 0.023121 0.000802
0 0.348660 0.186971 0.067788 0.001158
0 0.697057 0.189555 0.024698 0.000802
0 0.348923 0.204018 0.070415 0.001099
0 0.697057 0.206513 0.021545 0.000742
0 0.697057 0.219402 0.023647 0.000921
0 0.502627 0.233242 0.068839 0.001099
0 0.698896 0.236969 0.024172 0.000832
0 0.552811 0.258754 0.070415 0.001099
0 0.348135 0.258665 0.068839 0.001099
0 0.698108 0.261308 0.022596 0.000861
1 0.404887 0.277672 0.086705 0.000386
0 0.332895 0.282409 0.039411 0.001307
0 0.333684 0.287354 0.037835 0.001099
0 0.697320 0.289879 0.024172 0.000861
0 0.348660 0.309302 0.070941 0.001218
0 0.697057 0.311797 0.023647 0.000980
0 0.346295 0.327002 0.068313 0.001039
1 0.681030 0.320795 0.064109 0.000624
0 0.379664 0.332675 0.068839 0.001218
0 0.412244 0.338288 0.068839 0.001099
0 0.698896 0.340931 0.024172 0.000861
1 0.572517 0.359850 0.064635 0.000445
1 0.328954 0.384411 0.040988 0.001336
1 0.364425 0.384470 0.019443 0.001158
1 0.404099 0.384441 0.036784 0.001099
0 0.502627 0.388435 0.068839 0.001188
0 0.697057 0.390974 0.024698 0.001039
0 0.697846 0.435553 0.022070 0.000921
0 0.697320 0.461302 0.021019 0.000802
1 0.397267 0.502628 0.075670 0.000475
1 0.324750 0.502703 0.037835 0.000445
0 0.698108 0.486517 0.022596 0.000921
0 0.698371 0.552003 0.023121 0.000861
1 0.333684 0.596463 0.055702 0.000445
0 0.697057 0.646550 0.023647 0.000832
0 0.698896 0.696059 0.022070 0.000713
0 0.698108 0.726367 0.022596 0.000861
0 0.697057 0.760640 0.021545 0.000861
0 0.697583 0.806139 0.022596 0.000921
0 0.697846 0.855128 0.019968 0.000832
0 0.697320 0.904814 0.024172 0.000772
0 0.698371 0.947299 0.023121 0.000564
1 0.534419 0.974904 0.034682 0.000653
1 0.381503 0.975632 0.044141 0.000564
1 0.564109 0.976389 0.060431 0.000475
0 0.697320 0.982077 0.024172 0.000683
0 0.697583 0.368448 0.024698 0.001069
0 0.503153 0.365983 0.067788 0.001426
1 0.328429 0.362241 0.035733 0.000950
1 0.362848 0.362181 0.029953 0.001010
1 0.405150 0.362211 0.049396 0.001010
