0 0.922500 0.299519 0.060000 0.004573
0 0.922500 0.432070 0.060000 0.004693
0 0.922500 0.439110 0.060000 0.004573
0 0.922500 0.446029 0.060000 0.004693
0 0.922500 0.521661 0.060000 0.004573
0 0.922500 0.529122 0.060000 0.004573
0 0.922500 0.536462 0.060000 0.004573
0 0.266667 0.847112 0.133333 0.004693
0 0.839167 0.003550 0.016667 0.002527
1 0.051250 0.003490 0.072500 0.002166
1 0.209583 0.003550 0.057500 0.006859
1 0.288333 0.003430 0.105000 0.006619
1 0.981667 0.003550 0.035000 0.002527
1 0.082917 0.009567 0.164167 0.004693
1 0.082917 0.014501 0.164167 0.004693
1 0.082917 0.019194 0.164167 0.004693
1 0.082917 0.024248 0.164167 0.004693
1 0.082917 0.029242 0.164167 0.004573
1 0.082917 0.033875 0.164167 0.004693
1 0.082917 0.038508 0.164167 0.004573
1 0.082917 0.043081 0.164167 0.004573
1 0.082917 0.047473 0.164167 0.004693
1 0.082917 0.052106 0.164167 0.004573
1 0.082917 0.056739 0.164167 0.004693
1 0.082917 0.061372 0.164167 0.004573
1 0.082917 0.065945 0.164167 0.004573
1 0.690417 0.042118 0.332500 0.002166
1 0.675417 0.053069 0.302500 0.002166
1 0.698750 0.063899 0.350833 0.002166
1 0.682917 0.074970 0.317500 0.002166
1 0.237500 0.271721 0.050000 0.004332
1 0.297917 0.271661 0.042500 0.003971
1 0.343333 0.271661 0.050000 0.003971
1 0.399167 0.271661 0.061667 0.003971
1 0.457917 0.271661 0.055833 0.003971
1 0.237500 0.279904 0.050000 0.004332
1 0.297917 0.279964 0.042500 0.003971
1 0.343333 0.279964 0.050000 0.003971
1 0.399167 0.279964 0.061667 0.003971
3 0.460417 0.279964 0.060833 0.003971
1 0.260000 0.299338 0.095000 0.004212
1 0.352083 0.299519 0.062500 0.004091
1 0.412083 0.299519 0.057500 0.004091
1 0.477917 0.299519 0.074167 0.004091
1 0.552500 0.299519 0.076667 0.004091
1 0.262917 0.412696 0.100833 0.004212
1 0.347500 0.412515 0.043333 0.004091
1 0.393750 0.412515 0.049167 0.004091
1 0.448750 0.412515 0.060833 0.004091
1 0.237500 0.432070 0.050000 0.004212
1 0.297917 0.432070 0.042500 0.003971
1 0.357083 0.432070 0.077500 0.003971
1 0.439583 0.432070 0.087500 0.003971
1 0.237500 0.438929 0.050000 0.004212
1 0.297917 0.439110 0.042500 0.004091
1 0.357083 0.439110 0.077500 0.004091
1 0.439583 0.439110 0.087500 0.004091
1 0.237500 0.446029 0.050000 0.004212
1 0.297917 0.446029 0.042500 0.003971
1 0.357083 0.446029 0.077500 0.003971
1 0.439583 0.446029 0.087500 0.003971
1 0.247500 0.482852 0.071667 0.004212
1 0.318333 0.482852 0.041667 0.003971
1 0.367917 0.482852 0.055833 0.003971
1 0.419167 0.482852 0.046667 0.003971
1 0.470417 0.482852 0.055833 0.003971
1 0.260417 0.521480 0.095833 0.004212
1 0.335833 0.521661 0.030000 0.004091
1 0.377500 0.521661 0.055000 0.004091
1 0.433333 0.521661 0.055000 0.004091
1 0.237500 0.528941 0.050000 0.004212
1 0.290833 0.529122 0.030000 0.004091
1 0.332500 0.529122 0.055000 0.004091
1 0.388333 0.529122 0.055000 0.004091
1 0.237500 0.536402 0.050000 0.004212
1 0.290833 0.536462 0.030000 0.004091
1 0.332500 0.536462 0.055000 0.004091
1 0.388333 0.536462 0.055000 0.004091
1 0.659583 0.850301 0.272500 0.002166
1 0.889167 0.994164 0.025000 0.001805
1 0.955000 0.994164 0.053333 0.001805
1 0.130000 0.003490 0.065000 0.002888
1 0.377083 0.003430 0.070833 0.006378
1 0.477083 0.003430 0.122500 0.006619
1 0.912917 0.003430 0.104167 0.006619
0 0.240833 0.022082 0.085000 0.004693
0 0.337083 0.022142 0.102500 0.004573
0 0.268750 0.029302 0.139167 0.005656
1 0.663750 0.025632 0.280833 0.001203
4 0.282083 0.038147 0.162500 0.002166
4 0.212500 0.048616 0.025000 0.001685
4 0.257500 0.048857 0.025000 0.001444
4 0.303333 0.048797 0.025000 0.001564
4 0.349583 0.048797 0.025833 0.001805
4 0.230000 0.051023 0.061667 0.001685
5 0.235417 0.059928 0.072500 0.001685
5 0.243750 0.062034 0.087500 0.001324
5 0.234167 0.064260 0.068333 0.001444
16 0.282917 0.070939 0.162500 0.002046
16 0.279167 0.073827 0.155000 0.001805
1 0.303750 0.083093 0.074167 0.001083
1 0.659167 0.086041 0.268333 0.001685
0 0.406250 0.090674 0.029167 0.003971
1 0.673750 0.105295 0.302500 0.001444
1 0.279167 0.102347 0.038333 0.001564
1 0.227500 0.102407 0.031667 0.001203
1 0.291250 0.114922 0.042500 0.001444
1 0.228750 0.114862 0.032500 0.001324
1 0.252083 0.118893 0.077500 0.001444
1 0.340417 0.118833 0.042500 0.001083
1 0.681667 0.116065 0.316667 0.001564
1 0.290000 0.127437 0.043333 0.001685
1 0.227917 0.127437 0.032500 0.001685
1 0.252917 0.131649 0.079167 0.001444
1 0.340417 0.131649 0.042500 0.001685
1 0.367500 0.144465 0.041667 0.001564
1 0.342500 0.140554 0.041667 0.001685
1 0.278750 0.144585 0.080833 0.001324
1 0.278750 0.140554 0.030833 0.001685
1 0.710000 0.141456 0.375000 0.001564
1 0.333333 0.152948 0.031667 0.001444
1 0.395833 0.152828 0.043333 0.001685
1 0.395833 0.156919 0.043333 0.001925
1 0.306667 0.156980 0.081667 0.001564
1 0.677917 0.166907 0.309167 0.001685
1 0.229167 0.165824 0.035000 0.001444
1 0.234583 0.169916 0.042500 0.001444
1 0.253333 0.173887 0.083333 0.001444
1 0.235000 0.177978 0.045000 0.001925
1 0.228333 0.186643 0.033333 0.001444
1 0.233333 0.190433 0.043333 0.002046
1 0.252500 0.194765 0.081667 0.001564
1 0.234167 0.198736 0.045000 0.001805
1 0.669583 0.208664 0.292500 0.002166
1 0.292083 0.205475 0.044167 0.001805
1 0.342083 0.209687 0.044167 0.001564
1 0.253750 0.209747 0.080833 0.001444
1 0.228333 0.216546 0.033333 0.001805
1 0.290417 0.216426 0.044167 0.001324
1 0.340833 0.220397 0.043333 0.001564
1 0.252500 0.220517 0.081667 0.002046
1 0.670000 0.219976 0.291667 0.001444
1 0.286250 0.227437 0.032500 0.001925
1 0.465833 0.227437 0.041667 0.001685
1 0.669583 0.227377 0.082500 0.001805
1 0.874167 0.227437 0.046667 0.001685
1 0.693750 0.239230 0.339167 0.001685
1 0.229583 0.246691 0.054167 0.004091
3 0.298750 0.246691 0.072500 0.004332
1 0.250000 0.250782 0.096667 0.003610
1 0.339583 0.251023 0.074167 0.003369
1 0.712083 0.250241 0.377500 0.001564
1 0.297500 0.257762 0.073333 0.004332
1 0.340000 0.261913 0.065000 0.003730
1 0.252083 0.261853 0.102500 0.003610
1 0.711667 0.261312 0.376667 0.001805
2 0.804167 0.299458 0.160000 0.003490
2 0.675000 0.291035 0.301667 0.001324
1 0.710833 0.310349 0.376667 0.001925
1 0.227917 0.257641 0.050833 0.003851
1 0.249583 0.323105 0.075833 0.003129
1 0.223750 0.347954 0.022500 0.004212
1 0.257917 0.360710 0.089167 0.003730
2 0.269583 0.372022 0.107500 0.003730
2 0.270833 0.384838 0.108333 0.003610
2 0.330417 0.393622 0.162500 0.003610
2 0.357500 0.385018 0.046667 0.003730
2 0.363750 0.371901 0.055833 0.003971
1 0.679583 0.321420 0.312500 0.001444
1 0.680417 0.374549 0.312500 0.001805
2 0.803750 0.431949 0.160833 0.004212
2 0.803750 0.439110 0.164167 0.004332
2 0.803750 0.446089 0.164167 0.004091
1 0.700833 0.457521 0.351667 0.001444
1 0.690417 0.468351 0.334167 0.002166
2 0.803750 0.521721 0.162500 0.003971
2 0.803333 0.529061 0.161667 0.003971
2 0.803333 0.536643 0.161667 0.003730
1 0.682500 0.547292 0.318333 0.001685
1 0.704583 0.558424 0.362500 0.001805
1 0.697917 0.569434 0.347500 0.001444
1 0.721667 0.580325 0.395000 0.001564
1 0.739167 0.591336 0.431667 0.001685
0 0.236667 0.556258 0.046667 0.005415
1 0.231667 0.565764 0.061667 0.003249
1 0.276250 0.565764 0.025833 0.003730
1 0.302917 0.565824 0.027500 0.003851
1 0.330417 0.565884 0.027500 0.003730
1 0.364167 0.565884 0.041667 0.003971
1 0.319167 0.576775 0.025000 0.004091
1 0.292500 0.576775 0.026667 0.004091
1 0.266250 0.576835 0.025833 0.003971
1 0.240417 0.576835 0.027500 0.003971
1 0.213750 0.576835 0.025833 0.004212
1 0.364583 0.587665 0.042500 0.003971
1 0.331250 0.587786 0.025833 0.004452
1 0.304167 0.587726 0.028333 0.004332
1 0.277083 0.587665 0.027500 0.004212
1 0.231250 0.587906 0.062500 0.003730
1 0.274583 0.599880 0.049167 0.006980
1 0.322500 0.599880 0.050000 0.006980
1 0.230833 0.607160 0.018333 0.003249
1 0.249583 0.607220 0.019167 0.003610
1 0.688333 0.602166 0.330000 0.002166
1 0.252917 0.615283 0.060833 0.003851
1 0.297500 0.615463 0.028333 0.004212
1 0.324583 0.615463 0.027500 0.004212
1 0.352083 0.615343 0.027500 0.003971
1 0.387083 0.615403 0.040833 0.004091
1 0.700000 0.619073 0.353333 0.002768
1 0.407500 0.621480 0.043333 0.003971
1 0.371250 0.621480 0.024167 0.003971
1 0.345833 0.621480 0.025000 0.003730
1 0.320833 0.621600 0.025000 0.004212
1 0.276250 0.621841 0.064167 0.004452
1 0.667083 0.633694 0.285833 0.002166
0 0.264167 0.636221 0.038333 0.003369
0 0.230417 0.636101 0.022500 0.003610
0 0.209167 0.636221 0.018333 0.003851
10 0.315417 0.639832 0.229167 0.002166
10 0.315000 0.650481 0.231667 0.002046
1 0.702500 0.648917 0.358333 0.001805
1 0.671667 0.659627 0.295000 0.001564
1 0.282083 0.761673 0.092500 0.003730
1 0.242083 0.781047 0.070833 0.002527
1 0.665833 0.784176 0.283333 0.001805
1 0.671250 0.795006 0.299167 0.002286
3 0.248333 0.791697 0.090000 0.003369
3 0.283333 0.796811 0.158333 0.003971
0 0.317083 0.809446 0.020833 0.003490
0 0.208750 0.809567 0.017500 0.003490
17 0.262083 0.809025 0.082500 0.001925
9 0.240833 0.816727 0.083333 0.001444
17 0.241250 0.823345 0.084167 0.001925
17 0.240000 0.829543 0.083333 0.001564
1 0.675833 0.809747 0.305000 0.001685
2 0.352917 0.836101 0.039167 0.002407
2 0.401667 0.836221 0.040000 0.002647
1 0.675417 0.839651 0.304167 0.002046
1 0.666667 0.861432 0.283333 0.001564
0 0.412500 0.868472 0.021667 0.022864
0 0.218333 0.868472 0.023333 0.022623
0 0.284583 0.877798 0.027500 0.001324
0 0.314583 0.877978 0.027500 0.001925
0 0.343750 0.877858 0.025833 0.001925
0 0.235000 0.887124 0.070000 0.004091
1 0.662917 0.890193 0.279167 0.001805
1 0.665417 0.901264 0.284167 0.001805
1 0.315000 0.903129 0.225000 0.004332
1 0.315417 0.898135 0.225833 0.004934
1 0.315417 0.908484 0.222500 0.003971
1 0.315833 0.913297 0.223333 0.004212
1 0.663750 0.951444 0.280833 0.002286
1 0.660000 0.962515 0.273333 0.001564
0 0.315417 0.948315 0.225833 0.004212
0 0.237917 0.958604 0.077500 0.003610
0 0.414583 0.966245 0.012500 0.002768
