1 0.168944 0.002921 0.028902 0.005216
1 0.196269 0.003808 0.024698 0.003860
1 0.225171 0.003495 0.022596 0.003860
1 0.260641 0.003495 0.040988 0.004069
1 0.294798 0.003495 0.025223 0.004486
1 0.327641 0.003547 0.032055 0.004591
1 0.358907 0.003495 0.022070 0.005321
1 0.715712 0.002869 0.013663 0.005321
1 0.732790 0.003078 0.013137 0.004903
1 0.749080 0.002921 0.013137 0.005216
1 0.766684 0.002817 0.015765 0.005425
0 0.809774 0.003391 0.052549 0.004278
3 0.219128 0.009650 0.130321 0.004069
4 0.797951 0.009546 0.076195 0.003652
0 0.195481 0.017110 0.071466 0.003339
0 0.185497 0.021075 0.052549 0.002713
0 0.178928 0.024570 0.039411 0.002191
0 0.179453 0.028273 0.044666 0.002713
1 0.180767 0.031664 0.029427 0.002817
1 0.188912 0.034742 0.042564 0.002504
1 0.180767 0.037767 0.032580 0.002713
1 0.180242 0.040689 0.026274 0.002504
1 0.180504 0.043923 0.028902 0.002504
1 0.190489 0.073344 0.045717 0.003547
0 0.178140 0.047626 0.036784 0.002817
0 0.190226 0.051487 0.062007 0.002608
0 0.181818 0.055190 0.044141 0.002921
0 0.178665 0.058633 0.043090 0.002504
0 0.178665 0.062754 0.037835 0.003234
0 0.176826 0.066458 0.037310 0.002713
0 0.684446 0.018466 0.059380 0.003130
1 0.752233 0.020709 0.036259 0.002608
1 0.758539 0.023370 0.048870 0.002504
1 0.761955 0.026135 0.059905 0.002817
1 0.776668 0.028795 0.091435 0.002295
1 0.742249 0.030934 0.022596 0.002608
1 0.755123 0.033751 0.043090 0.001982
1 0.756174 0.036255 0.045192 0.002191
1 0.751182 0.038706 0.037310 0.001878
1 0.752759 0.041419 0.040462 0.002295
1 0.759853 0.044079 0.052549 0.002400
1 0.748029 0.046896 0.027851 0.001982
1 0.746716 0.049557 0.026274 0.002295
1 0.775355 0.051904 0.068839 0.002400
1 0.758802 0.054721 0.052549 0.002608
1 0.758802 0.057538 0.032580 0.002608
1 0.762743 0.060198 0.040462 0.002087
1 0.769312 0.062337 0.056752 0.002191
1 0.759590 0.064841 0.035208 0.001982
1 0.777457 0.067866 0.084603 0.001774
1 0.335786 0.039541 0.083027 0.012102
1 0.398581 0.040271 0.044666 0.002504
1 0.416710 0.036255 0.081976 0.004069
1 0.606674 0.137350 0.194955 0.001774
0 0.697320 0.142358 0.025223 0.003234
0 0.699685 0.365415 0.023647 0.003234
0 0.697320 0.399165 0.024172 0.002921
0 0.698108 0.433125 0.023647 0.003234
0 0.697057 0.464789 0.024698 0.003130
0 0.697846 0.496714 0.023121 0.003339
1 0.553337 0.515493 0.062007 0.001669
19 0.419863 0.526813 0.234367 0.011789
3 0.409354 0.591967 0.096689 0.003130
3 0.405938 0.596661 0.101419 0.002921
3 0.425906 0.601461 0.097215 0.002713
3 0.399369 0.606468 0.095638 0.003130
3 0.416973 0.611268 0.098266 0.003339
3 0.410930 0.615910 0.098791 0.003443
12 0.395691 0.620292 0.068313 0.002608
9 0.400420 0.625196 0.049396 0.002608
4 0.390699 0.629317 0.055176 0.002921
5 0.346558 0.633751 0.088807 0.002608
18 0.357593 0.637715 0.115081 0.002608
18 0.495796 0.641523 0.393589 0.003339
18 0.353915 0.645331 0.103521 0.002608
6 0.413295 0.651904 0.086705 0.008451
14 0.401209 0.660146 0.091960 0.003234
14 0.379401 0.664789 0.042039 0.002921
3 0.423542 0.669484 0.097740 0.002921
14 0.450867 0.674022 0.116658 0.003026
14 0.413558 0.683046 0.105097 0.002921
15 0.405938 0.678299 0.095113 0.003234
0 0.335786 0.696661 0.059905 0.002608
0 0.409616 0.696505 0.080399 0.002921
0 0.491592 0.696609 0.074094 0.003130
0 0.560168 0.696609 0.055702 0.002713
0 0.334997 0.701513 0.061482 0.003130
0 0.410142 0.701356 0.080399 0.003026
0 0.491855 0.701513 0.073568 0.003339
0 0.559905 0.701565 0.056227 0.003234
1 0.449028 0.716223 0.074094 0.002504
1 0.347084 0.795722 0.089858 0.002504
1 0.412769 0.885915 0.145560 0.002191
0 0.698896 0.895722 0.021019 0.003026
1 0.442459 0.922066 0.076721 0.002087
0 0.697583 0.746531 0.022596 0.003234
