1 0.168681 0.004333 0.029427 0.007113
1 0.197583 0.004721 0.024172 0.004268
1 0.225959 0.004333 0.022070 0.004785
1 0.259590 0.004397 0.039937 0.004915
1 0.294798 0.004074 0.024172 0.004268
1 0.328429 0.004333 0.030478 0.004009
1 0.361009 0.004333 0.026274 0.004785
1 0.715975 0.003169 0.013137 0.005561
1 0.734104 0.003686 0.013663 0.007113
1 0.750657 0.003557 0.016290 0.005820
1 0.767735 0.003945 0.014714 0.005820
0 0.810300 0.004074 0.051498 0.005303
1 0.750657 0.025543 0.029953 0.002975
4 0.797425 0.011640 0.077246 0.004915
1 0.745927 0.028712 0.024698 0.002845
1 0.750131 0.031686 0.033106 0.003621
1 0.751708 0.035437 0.033106 0.003363
1 0.766684 0.038606 0.066211 0.002457
1 0.750920 0.041968 0.031529 0.002457
1 0.745139 0.045008 0.019968 0.002845
1 0.749080 0.048047 0.029953 0.003233
1 0.745402 0.051539 0.016290 0.002457
1 0.757488 0.054320 0.036259 0.002845
3 0.220441 0.012028 0.129795 0.003880
0 0.194955 0.021017 0.070415 0.003233
0 0.184971 0.025543 0.053600 0.003751
0 0.178403 0.030523 0.038360 0.003104
0 0.181293 0.035114 0.037835 0.003233
0 0.177352 0.040028 0.036259 0.002716
0 0.190226 0.078828 0.058854 0.003492
0 0.180504 0.083355 0.039411 0.002975
0 0.179716 0.088399 0.040988 0.003233
0 0.178665 0.092473 0.037835 0.003363
0 0.178928 0.097581 0.036259 0.003233
1 0.188912 0.105988 0.043615 0.003751
1 0.183395 0.043520 0.034682 0.003233
1 0.192328 0.047659 0.046243 0.003233
1 0.178928 0.051345 0.023647 0.002845
1 0.195744 0.055354 0.054125 0.002845
1 0.179453 0.058717 0.024698 0.002845
1 0.188912 0.062532 0.043615 0.003233
1 0.192853 0.066283 0.051498 0.003751
1 0.180504 0.069904 0.029953 0.003233
1 0.186022 0.073914 0.034682 0.004009
0 0.684708 0.022633 0.062007 0.004397
1 0.334209 0.049146 0.083027 0.015520
1 0.398581 0.049922 0.047819 0.003363
1 0.415659 0.044749 0.081976 0.004915
3 0.503416 0.081544 0.398318 0.004785
6 0.504204 0.095447 0.396742 0.012416
0 0.697846 0.109351 0.023121 0.004785
3 0.504204 0.160890 0.397793 0.005173
3 0.502890 0.167615 0.397267 0.004656
3 0.502627 0.172853 0.396742 0.003492
0 0.697583 0.181130 0.024698 0.003492
3 0.503416 0.218702 0.398318 0.004397
3 0.503416 0.224198 0.398318 0.004785
0 0.697057 0.232799 0.024698 0.004397
3 0.503153 0.270629 0.398844 0.005561
0 0.698371 0.279488 0.021019 0.003363
3 0.540725 0.321262 0.323699 0.005691
0 0.698108 0.331738 0.022596 0.003363
3 0.456385 0.378363 0.107725 0.004268
0 0.554388 0.378169 0.073568 0.005432
0 0.698108 0.389033 0.023647 0.003363
9 0.502890 0.453376 0.397267 0.005044
9 0.502627 0.464563 0.397793 0.004397
9 0.502627 0.475750 0.397793 0.004268
9 0.502365 0.486485 0.397267 0.004009
9 0.503416 0.497737 0.398318 0.005561
0 0.698896 0.506855 0.022070 0.003621
4 0.504204 0.649897 0.396742 0.005949
11 0.317394 0.587946 0.026274 0.005691
0 0.696532 0.597387 0.022596 0.003621
1 0.413820 0.636834 0.117183 0.002328
0 0.697057 0.659208 0.024698 0.003621
0 0.698634 0.717732 0.021545 0.003233
0 0.698896 0.864136 0.024172 0.003751
0 0.697320 0.887093 0.027325 0.003621
