1 0.051667 0.003681 0.071667 0.004117
1 0.127500 0.003681 0.065000 0.003369
1 0.211667 0.003681 0.058333 0.007112
1 0.288333 0.003681 0.100000 0.007112
1 0.378333 0.003681 0.075000 0.007112
1 0.479167 0.003681 0.120000 0.007112
1 0.910833 0.003681 0.105000 0.007112
1 0.987917 0.004180 0.024167 0.002371
1 0.084167 0.009857 0.166667 0.004991
1 0.084167 0.014785 0.166667 0.004866
1 0.084167 0.019963 0.166667 0.005739
1 0.084167 0.025328 0.166667 0.004991
1 0.084167 0.035122 0.166667 0.005115
1 0.084167 0.030256 0.166667 0.004866
1 0.084167 0.040175 0.166667 0.005490
1 0.084167 0.049969 0.166667 0.004117
1 0.084167 0.045228 0.166667 0.005115
1 0.084167 0.054336 0.166667 0.005115
1 0.082917 0.059389 0.164167 0.005490
1 0.084167 0.064255 0.166667 0.004991
2 0.459583 0.022583 0.522500 0.004741
2 0.460000 0.034623 0.520000 0.004866
4 0.241667 0.040487 0.085000 0.002371
0 0.230417 0.045727 0.062500 0.004616
2 0.462500 0.063506 0.520000 0.004741
14 0.460000 0.073238 0.520000 0.004991
14 0.459583 0.086775 0.522500 0.011853
6 0.459583 0.103182 0.522500 0.011229
7 0.232500 0.115409 0.070000 0.003493
2 0.461667 0.128759 0.521667 0.006238
2 0.460000 0.136432 0.520000 0.005365
2 0.460417 0.143294 0.522500 0.004117
14 0.460417 0.150281 0.524167 0.006363
14 0.459583 0.157954 0.522500 0.004741
14 0.460000 0.164442 0.521667 0.004741
2 0.460417 0.180225 0.524167 0.005115
2 0.503750 0.196694 0.432500 0.005115
2 0.421250 0.206800 0.167500 0.004866
0 0.575000 0.206925 0.110000 0.005115
17 0.239167 0.223706 0.080000 0.001747
4 0.209583 0.250780 0.025833 0.002246
4 0.301250 0.250780 0.072500 0.002495
5 0.359167 0.250780 0.020000 0.002495
5 0.390833 0.250593 0.020000 0.002371
5 0.448750 0.250780 0.072500 0.002246
5 0.512500 0.240487 0.085000 0.001622
5 0.532083 0.242920 0.122500 0.002246
5 0.513333 0.245415 0.085000 0.001747
4 0.206667 0.258890 0.011667 0.001996
5 0.203750 0.261822 0.012500 0.001871
2 0.459583 0.282221 0.522500 0.005240
2 0.460000 0.292265 0.518333 0.005115
2 0.323333 0.305989 0.250000 0.005115
2 0.595833 0.305989 0.245000 0.004616
2 0.327917 0.321460 0.259167 0.004616
2 0.593750 0.321273 0.257500 0.004492
2 0.327500 0.339988 0.255000 0.004741
2 0.593750 0.340299 0.250833 0.004616
2 0.459583 0.350281 0.522500 0.005115
2 0.460417 0.360387 0.524167 0.005115
2 0.328333 0.370119 0.258333 0.005614
14 0.546250 0.369807 0.169167 0.004741
2 0.680000 0.369994 0.080000 0.004616
0 0.229167 0.381223 0.061667 0.004866
2 0.505000 0.396631 0.430000 0.004741
2 0.505000 0.403369 0.433333 0.004242
0 0.230417 0.423082 0.060833 0.004991
2 0.506667 0.435745 0.431667 0.004117
2 0.506250 0.442171 0.430833 0.004741
2 0.505417 0.449595 0.429167 0.005614
2 0.350417 0.467374 0.299167 0.004741
2 0.560417 0.467498 0.099167 0.004991
2 0.671250 0.467498 0.102500 0.004741
2 0.283333 0.485278 0.170000 0.004117
2 0.492083 0.485090 0.162500 0.004492
2 0.260000 0.506613 0.123333 0.005115
2 0.410000 0.506613 0.090000 0.004866
14 0.245417 0.521772 0.094167 0.004991
0 0.488750 0.521772 0.062500 0.004991
0 0.590417 0.506613 0.060833 0.004866
0 0.231667 0.491017 0.061667 0.004866
2 0.282083 0.538366 0.165833 0.004991
2 0.491667 0.538366 0.171667 0.004741
0 0.231250 0.544042 0.062500 0.004616
2 0.461250 0.562321 0.520833 0.004991
2 0.341250 0.571429 0.165833 0.003993
2 0.460417 0.588397 0.522500 0.004991
14 0.460833 0.598628 0.521667 0.004492
0 0.232083 0.609357 0.062500 0.004492
2 0.282500 0.629757 0.170000 0.004616
2 0.460000 0.629881 0.168333 0.005115
2 0.652917 0.630069 0.137500 0.004991
2 0.327917 0.639988 0.257500 0.005115
2 0.525000 0.639988 0.125000 0.004866
2 0.659167 0.639676 0.123333 0.004741
0 0.246250 0.650905 0.092500 0.004741
2 0.283750 0.667187 0.165833 0.004866
2 0.460000 0.667374 0.165000 0.005240
2 0.653750 0.667561 0.137500 0.004866
2 0.657500 0.677168 0.126667 0.004616
2 0.526250 0.677293 0.122500 0.004866
2 0.327917 0.677293 0.257500 0.004616
0 0.245417 0.688210 0.089167 0.004991
2 0.284167 0.704492 0.166667 0.004616
2 0.461250 0.704679 0.172500 0.004991
2 0.651250 0.704679 0.137500 0.004991
2 0.325000 0.717031 0.253333 0.004492
2 0.527917 0.717155 0.122500 0.004741
2 0.657500 0.717031 0.125000 0.004741
5 0.243750 0.732502 0.092500 0.004741
6 0.460417 0.750593 0.522500 0.007985
14 0.460417 0.776981 0.519167 0.005115
7 0.460417 0.785652 0.524167 0.004741
2 0.284167 0.804180 0.168333 0.004866
2 0.460000 0.804367 0.170000 0.004741
2 0.652917 0.804180 0.134167 0.005115
2 0.329167 0.814099 0.258333 0.004492
2 0.527917 0.814286 0.122500 0.004616
2 0.659583 0.814410 0.122500 0.005115
0 0.245417 0.820774 0.089167 0.004866
16 0.276250 0.871616 0.159167 0.002495
16 0.271667 0.874548 0.148333 0.002620
14 0.458750 0.887711 0.522500 0.005240
14 0.457500 0.895072 0.520000 0.006238
14 0.458750 0.902371 0.522500 0.004866
14 0.460000 0.912165 0.525000 0.012227
14 0.461667 0.925016 0.523333 0.009482
17 0.273333 0.939988 0.085000 0.002495
17 0.366250 0.946351 0.084167 0.002745
17 0.335417 0.952527 0.084167 0.002620
7 0.461667 0.966875 0.523333 0.004866
7 0.458750 0.976669 0.522500 0.004741
0 0.838750 0.003369 0.014167 0.002745
1 0.888750 0.996195 0.032500 0.002121
1 0.956250 0.996382 0.062500 0.002246
1 0.083333 0.068684 0.165000 0.004616
4 0.251667 0.240799 0.106667 0.002246
4 0.250833 0.243107 0.108333 0.002121
4 0.244167 0.250593 0.021667 0.002121
6 0.240417 0.375858 0.084167 0.002371
5 0.322917 0.408858 0.067500 0.001996
5 0.331250 0.411291 0.085833 0.002121
5 0.347917 0.413787 0.115833 0.002371
4 0.344167 0.418029 0.108333 0.001871
4 0.626667 0.485590 0.090000 0.002246
4 0.508333 0.507112 0.090000 0.002620
4 0.373333 0.521772 0.145000 0.002495
4 0.622917 0.538553 0.085833 0.001871
4 0.246250 0.604367 0.092500 0.002495
4 0.279167 0.645664 0.163333 0.002246
4 0.278750 0.683157 0.165833 0.002620
4 0.280417 0.725203 0.162500 0.002121
4 0.277917 0.760012 0.155833 0.002121
5 0.268333 0.766563 0.141667 0.001996
5 0.287083 0.769495 0.177500 0.002371
4 0.277500 0.838553 0.158333 0.002495
5 0.267500 0.841672 0.140000 0.001996
5 0.286250 0.844541 0.177500 0.002745
4 0.279167 0.856769 0.161667 0.002495
5 0.267500 0.859701 0.140000 0.002371
