1 0.053333 0.021117 0.070000 0.025054
1 0.130833 0.023264 0.065000 0.022190
1 0.212500 0.021475 0.043333 0.018611
1 0.288750 0.021117 0.084167 0.023622
1 0.380417 0.022190 0.064167 0.024338
1 0.480833 0.021117 0.100000 0.020759
0 0.839583 0.021475 0.022500 0.021475
1 0.873333 0.022906 0.025000 0.025770
4 0.923750 0.021475 0.075833 0.015748
1 0.985417 0.022548 0.017500 0.015032
1 0.082917 0.057623 0.164167 0.027917
1 0.082917 0.085183 0.164167 0.025770
1 0.084167 0.115963 0.166667 0.028633
1 0.082917 0.144596 0.164167 0.028633
1 0.084167 0.172155 0.166667 0.026485
1 0.083333 0.199714 0.165000 0.025770
1 0.083333 0.227989 0.165000 0.026485
1 0.082917 0.255548 0.164167 0.030064
1 0.083333 0.284538 0.165000 0.026485
1 0.084167 0.311024 0.166667 0.027917
1 0.083333 0.338941 0.165000 0.025054
1 0.082917 0.365068 0.164167 0.025770
3 0.441667 0.176807 0.485000 0.027201
6 0.442917 0.263422 0.485833 0.062992
0 0.231250 0.319971 0.064167 0.028633
0 0.289583 0.319256 0.052500 0.028633
3 0.442500 0.421976 0.485000 0.026485
3 0.440000 0.478168 0.485000 0.030064
18 0.314167 0.510379 0.065000 0.011453
18 0.320000 0.525770 0.075000 0.007874
18 0.313333 0.536149 0.065000 0.011453
18 0.322500 0.551181 0.086667 0.010021
12 0.319583 0.573014 0.087500 0.013601
4 0.441250 0.625626 0.484167 0.024338
0 0.211250 0.660344 0.030833 0.012169
0 0.288750 0.692198 0.050833 0.027201
0 0.230000 0.691840 0.061667 0.025054
18 0.257917 0.769506 0.120833 0.014316
18 0.396667 0.770938 0.121667 0.020043
3 0.612917 0.826772 0.142500 0.024338
3 0.442917 0.827845 0.145833 0.029349
3 0.271250 0.826772 0.147500 0.025770
0 0.277917 0.865784 0.050833 0.025054
0 0.225417 0.865784 0.050833 0.025054
1 0.957500 0.977810 0.060000 0.011453
1 0.892917 0.977810 0.035833 0.008590
1 0.083750 0.391911 0.165833 0.027917
