1 0.168156 0.004074 0.028376 0.006855
1 0.197320 0.004527 0.025749 0.003621
1 0.224908 0.004268 0.023121 0.003363
1 0.260641 0.004139 0.037835 0.003621
1 0.295060 0.004721 0.027851 0.003492
1 0.327641 0.004527 0.031004 0.004656
1 0.358907 0.004333 0.024172 0.004009
1 0.717288 0.004139 0.016816 0.005432
1 0.733053 0.003815 0.011561 0.005303
1 0.749080 0.003751 0.016290 0.005173
1 0.768523 0.004009 0.014188 0.005691
0 0.810300 0.004333 0.050447 0.005044
4 0.798739 0.011899 0.074619 0.004915
0 0.195481 0.020952 0.069364 0.003363
0 0.186548 0.026125 0.053600 0.003363
3 0.220441 0.012093 0.132948 0.004785
0 0.181030 0.030587 0.042564 0.003492
0 0.180242 0.034984 0.044141 0.004009
0 0.181555 0.039770 0.043615 0.003233
1 0.185759 0.043779 0.036259 0.003751
1 0.191802 0.047724 0.049396 0.003621
1 0.180504 0.051410 0.028902 0.002975
1 0.194693 0.054837 0.058329 0.003363
1 0.178403 0.058976 0.024698 0.004397
1 0.188124 0.062791 0.045192 0.002716
1 0.192853 0.066283 0.053600 0.003233
1 0.179716 0.069904 0.028376 0.004009
1 0.186810 0.073655 0.039411 0.003751
0 0.191277 0.078828 0.059905 0.003492
0 0.180242 0.083549 0.040988 0.004139
0 0.178928 0.087946 0.045717 0.003104
0 0.179453 0.092667 0.042564 0.003751
0 0.178140 0.097452 0.036784 0.003492
1 0.188387 0.105859 0.044666 0.004009
0 0.684708 0.022698 0.062007 0.003751
1 0.750394 0.025414 0.029427 0.003233
1 0.748029 0.029100 0.027851 0.003621
1 0.748818 0.032268 0.027325 0.003233
1 0.752496 0.035243 0.034682 0.002716
1 0.768523 0.038670 0.068839 0.003363
1 0.753022 0.042098 0.037835 0.002199
1 0.744351 0.044943 0.024698 0.002716
1 0.751182 0.048435 0.031004 0.002457
1 0.741986 0.051410 0.019968 0.003492
1 0.759590 0.054966 0.032055 0.002845
1 0.333684 0.048952 0.085129 0.016684
1 0.398318 0.049793 0.048345 0.003621
1 0.413820 0.044749 0.081450 0.003880
3 0.502627 0.081480 0.396742 0.004915
6 0.503153 0.095577 0.398844 0.012157
0 0.697846 0.109157 0.023121 0.002845
3 0.504204 0.160890 0.397793 0.006208
3 0.504204 0.167550 0.397793 0.004009
3 0.503416 0.173047 0.401471 0.005173
0 0.697583 0.181066 0.022596 0.003621
3 0.503416 0.218572 0.398318 0.004915
3 0.504204 0.224521 0.399895 0.004915
0 0.698108 0.232863 0.023647 0.003751
3 0.502102 0.270305 0.398844 0.004139
0 0.698371 0.279100 0.021019 0.003880
3 0.537572 0.321004 0.333158 0.005949
0 0.698634 0.331738 0.021545 0.003880
3 0.456910 0.378169 0.106674 0.004915
0 0.554913 0.378104 0.072517 0.004785
0 0.698896 0.388709 0.022070 0.004009
9 0.502365 0.453570 0.400420 0.005173
9 0.502627 0.464757 0.396742 0.004785
9 0.503941 0.475297 0.397267 0.005949
9 0.502627 0.486420 0.399895 0.004139
9 0.503941 0.497349 0.397267 0.005820
0 0.697583 0.506984 0.024698 0.003621
11 0.317131 0.588140 0.025749 0.005044
0 0.698634 0.597129 0.020494 0.003621
16 0.503416 0.650414 0.399369 0.005173
0 0.697583 0.659079 0.024698 0.003363
0 0.697320 0.717602 0.024172 0.002457
0 0.697320 0.864330 0.025223 0.003363
0 0.698634 0.887287 0.024698 0.003751
