5 0.027961 0.559056 0.008553 0.001444
5 0.058224 0.559056 0.008553 0.001444
5 0.107566 0.559056 0.008553 0.001444
5 0.027961 0.562611 0.008553 0.001444
5 0.027961 0.566167 0.008553 0.001444
5 0.027961 0.569722 0.008553 0.001444
5 0.118092 0.569722 0.008553 0.001444
5 0.149671 0.569722 0.008553 0.001444
5 0.027961 0.573278 0.008553 0.001444
5 0.056908 0.573278 0.008553 0.001444
5 0.129934 0.573278 0.008553 0.001444
5 0.027961 0.576833 0.008553 0.001444
5 0.067434 0.576833 0.008553 0.001444
0 0.671382 0.124056 0.038816 0.001444
0 0.709539 0.124056 0.038816 0.001444
0 0.748355 0.124056 0.038816 0.001444
0 0.787500 0.124056 0.039474 0.001444
0 0.113816 0.591944 0.009211 0.001444
0 0.113816 0.593389 0.009211 0.001444
0 0.173684 0.591944 0.009211 0.001444
0 0.173684 0.593389 0.009211 0.001444
0 0.117105 0.600611 0.009211 0.001444
0 0.117105 0.602056 0.009211 0.001444
0 0.175658 0.600611 0.009211 0.001444
0 0.175658 0.602056 0.009211 0.001444
0 0.113816 0.609278 0.009211 0.001444
0 0.113816 0.610722 0.009211 0.001444
0 0.173684 0.609278 0.009211 0.001444
0 0.173684 0.610722 0.009211 0.001444
0 0.113816 0.617944 0.009211 0.001444
0 0.113816 0.619389 0.009211 0.001444
0 0.173684 0.617944 0.009211 0.001444
0 0.173684 0.619389 0.009211 0.001444
0 0.113816 0.626611 0.009211 0.001444
0 0.113816 0.628056 0.009211 0.001444
0 0.173684 0.626611 0.009211 0.001444
0 0.173684 0.628056 0.009211 0.001444
0 0.113816 0.635278 0.009211 0.001444
0 0.113816 0.636722 0.009211 0.001444
0 0.173684 0.635278 0.009211 0.001444
0 0.173684 0.636722 0.009211 0.001444
0 0.054276 0.641389 0.067763 0.001889
0 0.102632 0.651222 0.164474 0.004444
0 0.513816 0.651667 0.627632 0.005556
1 0.421382 0.011111 0.841447 0.022000
1 0.069079 0.026167 0.111842 0.002556
1 0.159211 0.026833 0.063158 0.006556
1 0.228618 0.026833 0.075658 0.006556
1 0.311184 0.026833 0.089474 0.006556
1 0.383882 0.026833 0.055921 0.006556
1 0.442434 0.026833 0.061184 0.006556
1 0.498026 0.026833 0.050000 0.006556
1 0.539145 0.026833 0.032237 0.006556
1 0.781250 0.026667 0.038816 0.006667
1 0.822039 0.026667 0.038816 0.006667
1 0.068750 0.038222 0.098026 0.005556
1 0.069079 0.044944 0.111842 0.004333
1 0.069079 0.050667 0.111842 0.006444
1 0.069079 0.056222 0.111842 0.004444
1 0.069079 0.061944 0.111842 0.006333
1 0.069079 0.068667 0.111842 0.006444
1 0.069079 0.074222 0.111842 0.004444
1 0.069079 0.078944 0.111842 0.004333
1 0.069079 0.083667 0.111842 0.004444
1 0.069079 0.088222 0.111842 0.004444
1 0.069079 0.092944 0.111842 0.004333
1 0.069079 0.097667 0.111842 0.004444
1 0.069079 0.102222 0.111842 0.004444
1 0.069079 0.106944 0.111842 0.004333
1 0.253947 0.046944 0.232895 0.026111
1 0.253947 0.066056 0.232895 0.012111
1 0.250000 0.076000 0.201316 0.004222
1 0.240461 0.083556 0.180921 0.004222
1 0.250000 0.091111 0.201316 0.004222
1 0.251645 0.098778 0.203289 0.004222
1 0.248355 0.105278 0.196711 0.002111
1 0.249342 0.112833 0.200000 0.006333
1 0.219079 0.114944 0.022368 0.002111
1 0.249013 0.121556 0.199342 0.004222
1 0.236184 0.130167 0.172368 0.006333
1 0.203947 0.132278 0.022368 0.002111
1 0.443092 0.036778 0.117763 0.005778
1 0.558882 0.036778 0.116447 0.005778
1 0.494408 0.043000 0.198026 0.004222
1 0.551974 0.044167 0.022368 0.002111
1 0.487829 0.052167 0.184868 0.008333
1 0.481579 0.055389 0.022368 0.002111
1 0.492434 0.063333 0.194079 0.008444
1 0.473355 0.066500 0.023026 0.002111
1 0.479934 0.072556 0.169079 0.004222
1 0.466447 0.080556 0.142105 0.006222
1 0.490461 0.089611 0.190132 0.006333
1 0.550000 0.091722 0.022368 0.002111
1 0.493092 0.098722 0.195395 0.006333
1 0.460197 0.100833 0.028289 0.002111
1 0.491776 0.106889 0.192763 0.004222
1 0.432237 0.107833 0.027632 0.002111
1 0.485526 0.113889 0.180263 0.004222
1 0.484211 0.120889 0.177632 0.004222
1 0.491776 0.127889 0.192763 0.004222
1 0.484211 0.136944 0.177632 0.008333
1 0.500658 0.132444 0.232895 0.004889
1 0.728947 0.067111 0.197368 0.066667
1 0.657237 0.105722 0.052632 0.002556
1 0.728947 0.113778 0.197368 0.018667
1 0.728947 0.128000 0.197368 0.009778
1 0.421053 0.148333 0.815789 0.022222
1 0.317763 0.186611 0.609211 0.049889
1 0.096382 0.169667 0.095395 0.002667
1 0.729934 0.169611 0.196711 0.015889
1 0.679276 0.164889 0.075658 0.002667
1 0.729934 0.186611 0.196711 0.015889
1 0.685855 0.181889 0.090132 0.002667
1 0.729934 0.203611 0.196711 0.015889
1 0.685855 0.198889 0.090132 0.002667
1 0.111513 0.220611 0.196711 0.015889
1 0.064145 0.215889 0.082237 0.002667
1 0.317763 0.220611 0.197368 0.015889
1 0.262829 0.215889 0.067763 0.002667
1 0.523684 0.220611 0.197368 0.015889
1 0.475987 0.215889 0.082237 0.002667
1 0.729605 0.220611 0.197368 0.015889
1 0.055592 0.233611 0.084868 0.002111
1 0.112171 0.258722 0.196711 0.039889
1 0.317763 0.258722 0.197368 0.039889
1 0.523684 0.258722 0.197368 0.039889
1 0.464145 0.242778 0.058553 0.002222
1 0.729276 0.258722 0.196711 0.039889
1 0.112171 0.304278 0.196711 0.039444
1 0.317763 0.304278 0.197368 0.039444
1 0.249013 0.288556 0.040132 0.002222
1 0.523684 0.304278 0.197368 0.039444
1 0.729276 0.304278 0.196711 0.039444
1 0.112171 0.348556 0.196711 0.037556
1 0.317763 0.348556 0.197368 0.037556
1 0.523684 0.348556 0.197368 0.037556
1 0.486842 0.333778 0.103947 0.002222
1 0.729276 0.348556 0.196711 0.037556
1 0.112171 0.393167 0.196711 0.039889
1 0.317763 0.393167 0.197368 0.039889
1 0.258224 0.377222 0.058553 0.002222
1 0.523684 0.393167 0.197368 0.039889
1 0.729276 0.393167 0.196711 0.039889
1 0.112171 0.439000 0.196711 0.040000
1 0.317763 0.439000 0.197368 0.040000
1 0.523684 0.439000 0.197368 0.040000
1 0.457566 0.423000 0.045395 0.002222
1 0.729276 0.439000 0.196711 0.040000
1 0.112171 0.486389 0.196711 0.043222
1 0.317763 0.486389 0.197368 0.043222
1 0.265461 0.468778 0.073026 0.002222
1 0.523684 0.486389 0.197368 0.043222
1 0.729276 0.486389 0.196711 0.043222
1 0.421053 0.513778 0.815789 0.005333
1 0.064145 0.521500 0.101974 0.002111
1 0.421053 0.537889 0.815789 0.022222
1 0.102632 0.580889 0.164474 0.002000
1 0.275658 0.560833 0.059211 0.002111
1 0.371053 0.560167 0.036842 0.002111
1 0.818092 0.560222 0.009868 0.001778
1 0.275658 0.565056 0.059211 0.002111
1 0.371053 0.564611 0.052632 0.002111
1 0.818092 0.564667 0.009868 0.001778
1 0.275658 0.570500 0.059211 0.002111
1 0.371053 0.569167 0.069737 0.002111
1 0.818092 0.569222 0.009868 0.001778
1 0.275658 0.574611 0.059211 0.002111
1 0.371053 0.573833 0.027632 0.002111
1 0.818092 0.573889 0.009868 0.001778
1 0.275658 0.578389 0.047368 0.002111
1 0.275658 0.582833 0.035526 0.002111
1 0.275658 0.587278 0.032895 0.002111
1 0.371053 0.587278 0.032895 0.002111
1 0.275658 0.591722 0.035526 0.002111
1 0.275658 0.596167 0.032895 0.002111
1 0.371053 0.596167 0.050000 0.002111
1 0.275658 0.600611 0.100000 0.002111
1 0.275658 0.605056 0.034211 0.002111
1 0.275658 0.609500 0.038158 0.002111
1 0.275658 0.613944 0.052632 0.002111
1 0.275658 0.618389 0.043421 0.002111
1 0.275658 0.622833 0.035526 0.002111
1 0.275658 0.629389 0.035526 0.002111
1 0.785197 0.631611 0.045395 0.001889
1 0.275658 0.635944 0.052632 0.002111
1 0.275658 0.640389 0.044737 0.002111
1 0.371053 0.640389 0.064474 0.002111
1 0.275658 0.644833 0.100000 0.002111
1 0.070066 0.659500 0.113816 0.002111
1 0.156250 0.669222 0.221711 0.006667
1 0.156250 0.679333 0.221711 0.004444
1 0.156250 0.690556 0.221711 0.004444
1 0.156250 0.701778 0.221711 0.004444
1 0.156250 0.714111 0.221711 0.006667
1 0.156250 0.725333 0.221711 0.006667
1 0.156250 0.735444 0.221711 0.004444
1 0.434868 0.668111 0.221053 0.004444
1 0.434868 0.680444 0.221053 0.006667
1 0.434868 0.690556 0.221053 0.004444
1 0.434868 0.701778 0.221053 0.004444
1 0.434868 0.714111 0.221053 0.006667
1 0.434868 0.724222 0.221053 0.004444
1 0.434868 0.736556 0.221053 0.006667
1 0.693092 0.667000 0.180921 0.002222
1 0.713158 0.679333 0.221053 0.004444
1 0.713158 0.691667 0.221053 0.006667
1 0.713158 0.702889 0.221053 0.006667
1 0.713158 0.713000 0.221053 0.004444
1 0.713158 0.725333 0.221053 0.006667
1 0.713158 0.735444 0.221053 0.004444
1 0.421053 0.749333 0.815789 0.005333
1 0.056908 0.760333 0.055921 0.002667
1 0.152961 0.760556 0.069079 0.010222
1 0.222039 0.760556 0.069079 0.010222
1 0.291118 0.760556 0.069079 0.010222
1 0.360197 0.760556 0.069079 0.010222
1 0.429276 0.760556 0.069079 0.010222
1 0.498355 0.760556 0.069079 0.010222
1 0.567434 0.760556 0.069079 0.010222
1 0.636513 0.760556 0.069079 0.010222
1 0.705592 0.760556 0.069079 0.010222
1 0.774671 0.760556 0.069079 0.010222
1 0.109539 0.784778 0.192763 0.032444
1 0.316776 0.784778 0.192763 0.032444
1 0.524671 0.784778 0.192763 0.032444
1 0.731908 0.784778 0.192763 0.032444
1 0.109539 0.820000 0.192763 0.032444
1 0.316776 0.820000 0.192763 0.032444
1 0.524671 0.820000 0.192763 0.032444
1 0.731908 0.820000 0.192763 0.032444
1 0.421053 0.842000 0.815789 0.005333
1 0.081908 0.849722 0.138816 0.002111
1 0.056908 0.889389 0.087500 0.002111
1 0.038487 0.898556 0.051974 0.009333
1 0.166776 0.895222 0.183553 0.002222
1 0.138816 0.898611 0.127632 0.001889
1 0.039145 0.913500 0.050658 0.009444
1 0.148026 0.911333 0.146053 0.004444
1 0.147039 0.915833 0.144079 0.001889
1 0.316447 0.898611 0.052632 0.009222
1 0.439145 0.896333 0.171711 0.004444
1 0.385197 0.900833 0.063816 0.001889
1 0.317434 0.913556 0.050658 0.009333
1 0.381908 0.910222 0.057237 0.002222
1 0.419737 0.913611 0.132895 0.001889
1 0.594737 0.898500 0.052632 0.009444
1 0.682566 0.895222 0.100658 0.002222
1 0.674013 0.898611 0.083553 0.001889
1 0.595395 0.913611 0.051316 0.009222
1 0.721053 0.911333 0.177632 0.004444
1 0.674013 0.915833 0.083553 0.001889
1 0.421053 0.927333 0.815789 0.005333
1 0.057895 0.950611 0.038158 0.002111
1 0.062829 0.953500 0.048026 0.002111
1 0.060197 0.956389 0.042763 0.002111
1 0.056579 0.959278 0.035526 0.002111
1 0.052632 0.962167 0.027632 0.002111
1 0.215461 0.950611 0.062500 0.002111
1 0.235526 0.953500 0.102632 0.002111
1 0.200987 0.956389 0.033553 0.002111
1 0.202632 0.959278 0.036842 0.002111
1 0.189803 0.962167 0.011184 0.002111
1 0.226645 0.965056 0.084868 0.002111
1 0.355592 0.950611 0.053289 0.002111
1 0.348026 0.953500 0.038158 0.002111
1 0.350329 0.956389 0.042763 0.002111
1 0.350329 0.959278 0.042763 0.002111
1 0.487500 0.950611 0.055263 0.002111
1 0.480263 0.953500 0.040789 0.002111
1 0.465461 0.956389 0.011184 0.002111
1 0.474671 0.959278 0.029605 0.002111
1 0.477632 0.962167 0.035526 0.002111
1 0.440132 0.967167 0.122368 0.002111
1 0.719737 0.948111 0.164474 0.004222
1 0.645395 0.952056 0.015789 0.002111
1 0.709539 0.954944 0.144079 0.002111
1 0.686184 0.957833 0.097368 0.002111
2 0.092763 0.592667 0.032895 0.002889
2 0.152632 0.592667 0.032895 0.002889
2 0.096711 0.601333 0.031579 0.002889
2 0.155263 0.601333 0.031579 0.002889
2 0.092763 0.610000 0.032895 0.002889
2 0.152632 0.610000 0.032895 0.002889
2 0.092763 0.618667 0.032895 0.002889
2 0.152632 0.618667 0.032895 0.002889
2 0.092763 0.627333 0.032895 0.002889
2 0.152632 0.627333 0.032895 0.002889
2 0.092763 0.636000 0.032895 0.002889
2 0.152632 0.636000 0.032895 0.002889
9 0.130263 0.589278 0.101316 0.001222
9 0.132237 0.597833 0.098684 0.001222
9 0.131250 0.606500 0.100658 0.001667
9 0.131250 0.615333 0.103289 0.001111
9 0.131250 0.623944 0.103289 0.001222
9 0.130592 0.632667 0.101974 0.001333
1 0.624342 0.856722 0.215789 0.002111
1 0.659211 0.864611 0.286842 0.003889
1 0.602303 0.872500 0.171711 0.001889
1 0.637829 0.880389 0.242763 0.004333
1 0.234211 0.856611 0.246053 0.001889
1 0.170395 0.864500 0.125000 0.002111
1 0.236184 0.872500 0.255263 0.004111
1 0.193750 0.880333 0.173026 0.001556
1 0.751316 0.522222 0.140789 0.003333
