1 0.053750 0.031719 0.069167 0.033449
1 0.131250 0.034025 0.065833 0.031142
1 0.214167 0.033449 0.033333 0.023068
1 0.290417 0.035179 0.075833 0.026528
1 0.372917 0.032295 0.042500 0.025375
0 0.477500 0.036332 0.098333 0.021915
1 0.033750 0.091696 0.035833 0.021915
1 0.056250 0.137255 0.079167 0.025375
1 0.038750 0.185698 0.047500 0.020761
1 0.055417 0.232987 0.050833 0.023068
1 0.048750 0.282584 0.034167 0.020761
1 0.069167 0.326413 0.080000 0.023068
1 0.065417 0.367935 0.069167 0.025375
1 0.049583 0.412918 0.035833 0.018454
1 0.058750 0.460208 0.055833 0.029988
1 0.075000 0.500577 0.085000 0.023068
1 0.078333 0.542099 0.096667 0.023068
1 0.065000 0.586505 0.068333 0.021915
1 0.063333 0.634371 0.095000 0.020761
1 0.062083 0.681084 0.095833 0.026528
1 0.340000 0.847174 0.011667 0.024221
1 0.303750 0.847751 0.025833 0.020761
1 0.270833 0.848328 0.021667 0.024221
0 0.623333 0.846597 0.020000 0.018454
0 0.586250 0.848904 0.022500 0.020761
0 0.552500 0.848904 0.010000 0.020761
0 0.526250 0.847751 0.009167 0.020761
1 0.498333 0.847174 0.013333 0.021915
1 0.472917 0.847751 0.014167 0.020761
1 0.445833 0.847751 0.011667 0.020761
1 0.418750 0.847174 0.010833 0.019608
0 0.392917 0.846021 0.009167 0.024221
1 0.366250 0.847174 0.010833 0.021915
0 0.333750 0.728374 0.062500 0.040369
0 0.244583 0.726067 0.092500 0.040369
4 0.291250 0.676471 0.187500 0.044983
5 0.419583 0.230681 0.019167 0.032295
5 0.419583 0.324106 0.019167 0.025375
5 0.419583 0.425029 0.015833 0.026528
5 0.570417 0.230681 0.020833 0.029988
5 0.569583 0.323529 0.017500 0.026528
5 0.569167 0.414648 0.018333 0.033449
1 0.266250 0.253172 0.122500 0.026528
1 0.225000 0.345444 0.043333 0.024221
1 0.218750 0.447520 0.027500 0.025375
1 0.268750 0.556517 0.117500 0.028835
1 0.440833 0.255479 0.055000 0.021915
1 0.439167 0.347751 0.053333 0.026528
1 0.438750 0.450980 0.042500 0.025375
5 0.420000 0.528258 0.016667 0.025375
5 0.570417 0.529412 0.017500 0.027682
1 0.587500 0.439446 0.050000 0.025375
1 0.587500 0.347751 0.050000 0.017301
1 0.586250 0.258939 0.052500 0.028835
1 0.873750 0.035755 0.027500 0.039216
4 0.922917 0.032872 0.074167 0.021915
1 0.985417 0.029412 0.022500 0.028835
0 0.840417 0.033449 0.022500 0.036909
1 0.957500 0.967705 0.065000 0.023068
6 0.449167 0.232411 0.035000 0.017301
6 0.602500 0.233564 0.035000 0.019608
6 0.601667 0.326413 0.038333 0.020761
6 0.450000 0.324683 0.033333 0.012687
6 0.404167 0.034025 0.015000 0.019608
6 0.147500 0.188005 0.011667 0.020761
6 0.147500 0.682238 0.021667 0.024221
6 0.600417 0.417532 0.034167 0.018454
6 0.450000 0.430219 0.031667 0.016148
1 0.890417 0.964821 0.027500 0.014994
20 0.444583 0.360438 0.497500 0.404844
