1 0.052500 0.035308 0.070000 0.038724
1 0.130417 0.036446 0.064167 0.036446
1 0.212917 0.035877 0.039167 0.035308
1 0.291250 0.033030 0.085833 0.029613
1 0.379167 0.036446 0.060000 0.036446
1 0.477917 0.033599 0.095833 0.035308
0 0.840417 0.034169 0.024167 0.034169
1 0.874583 0.034738 0.022500 0.035308
4 0.926667 0.037585 0.078333 0.027335
1 0.984583 0.036446 0.022500 0.020501
1 0.082917 0.092825 0.164167 0.044419
1 0.084167 0.140661 0.166667 0.039863
1 0.082083 0.186788 0.162500 0.047836
1 0.082917 0.233485 0.164167 0.038724
1 0.082917 0.276765 0.164167 0.043280
3 0.281250 0.160592 0.160833 0.036446
3 0.467500 0.161731 0.161667 0.034169
3 0.654583 0.161162 0.164167 0.037585
3 0.630833 0.236333 0.211667 0.033030
3 0.420000 0.236902 0.165000 0.038724
5 0.229167 0.231207 0.063333 0.025057
4 0.280000 0.311503 0.160000 0.035308
3 0.467500 0.313781 0.163333 0.037585
4 0.653333 0.309226 0.165000 0.030752
6 0.465833 0.435649 0.533333 0.101367
5 0.249167 0.532460 0.110000 0.026196
18 0.224583 0.650342 0.034167 0.025057
18 0.285000 0.650342 0.035000 0.027335
18 0.348333 0.648633 0.033333 0.026196
18 0.411250 0.649203 0.034167 0.031891
18 0.410417 0.681663 0.037500 0.021640
18 0.348750 0.679385 0.037500 0.026196
18 0.286250 0.680524 0.037500 0.021640
18 0.223750 0.679954 0.035833 0.027335
0 0.421667 0.738041 0.083333 0.038724
0 0.701250 0.567768 0.070833 0.039863
1 0.957500 0.965831 0.055000 0.013667
1 0.890000 0.966401 0.033333 0.014806
