1 0.048750 0.030612 0.077500 0.031149
1 0.130417 0.030612 0.069167 0.026853
1 0.212917 0.029538 0.029167 0.024705
1 0.290000 0.029538 0.075000 0.024705
1 0.372500 0.029538 0.040000 0.024705
1 0.480000 0.033298 0.090000 0.019334
1 0.874167 0.029538 0.023333 0.033298
4 0.925833 0.033835 0.075000 0.018260
1 0.984167 0.027390 0.018333 0.037594
1 0.032917 0.084318 0.039167 0.018260
1 0.052083 0.129968 0.082500 0.021482
1 0.036667 0.175081 0.045000 0.019334
1 0.055417 0.216434 0.054167 0.018260
1 0.046250 0.260473 0.032500 0.024705
1 0.068333 0.301826 0.080000 0.025779
1 0.063333 0.340494 0.070000 0.025779
1 0.050000 0.383996 0.040000 0.024705
1 0.056250 0.423201 0.057500 0.025779
1 0.074583 0.464554 0.087500 0.022556
1 0.077500 0.508056 0.095000 0.025779
1 0.063750 0.546724 0.067500 0.019334
1 0.062500 0.590226 0.095000 0.016112
1 0.061250 0.633190 0.097500 0.020408
3 0.305000 0.149302 0.220000 0.036520
3 0.546250 0.149839 0.217500 0.039742
6 0.427917 0.291622 0.457500 0.179377
16 0.297500 0.430183 0.095000 0.033298
16 0.495000 0.430183 0.105000 0.035446
9 0.486250 0.539205 0.177500 0.088077
14 0.493750 0.674544 0.197500 0.034372
14 0.255000 0.658969 0.115000 0.039742
0 0.632083 0.744361 0.070833 0.036520
1 0.605417 0.801826 0.020833 0.011815
1 0.566250 0.802363 0.022500 0.017186
1 0.532500 0.802363 0.010000 0.021482
1 0.503750 0.802363 0.014167 0.019334
1 0.479583 0.802363 0.012500 0.019334
1 0.451250 0.801289 0.007500 0.019334
1 0.426250 0.800215 0.012500 0.021482
1 0.399583 0.802363 0.012500 0.019334
1 0.373750 0.802363 0.010833 0.019334
1 0.346250 0.802363 0.012500 0.017186
1 0.320417 0.801289 0.012500 0.019334
1 0.285000 0.801289 0.021667 0.019334
1 0.248333 0.801289 0.015000 0.019334
0 0.841667 0.029538 0.020000 0.029001
1 0.891250 0.961869 0.037500 0.018260
1 0.957500 0.968314 0.055000 0.009667
1 0.400833 0.035446 0.015000 0.019334
1 0.145833 0.174544 0.020000 0.020408
3 0.243750 0.660043 0.027500 0.018260
3 0.294167 0.658432 0.028333 0.019334
