1 0.052083 0.041105 0.070833 0.036388
1 0.131667 0.043127 0.066667 0.037736
1 0.212917 0.041105 0.035833 0.039084
1 0.290417 0.039757 0.084167 0.044474
1 0.380417 0.040431 0.060833 0.048518
1 0.476667 0.040431 0.098333 0.045822
0 0.843333 0.039757 0.028333 0.047170
1 0.875000 0.040431 0.021667 0.045822
4 0.925417 0.041779 0.079167 0.035040
1 0.987083 0.039084 0.019167 0.026954
1 0.083333 0.105795 0.165000 0.055256
1 0.082500 0.162399 0.163333 0.049865
1 0.082917 0.216307 0.164167 0.055256
1 0.083333 0.270889 0.165000 0.053908
1 0.082917 0.326146 0.164167 0.051213
1 0.082917 0.380728 0.164167 0.047170
1 0.082917 0.431941 0.164167 0.052561
1 0.083333 0.481806 0.165000 0.044474
1 0.082917 0.531671 0.164167 0.049865
1 0.082917 0.585580 0.164167 0.052561
1 0.083333 0.634771 0.165000 0.053908
1 0.082917 0.690027 0.164167 0.048518
1 0.083333 0.742588 0.165000 0.043127
1 0.082500 0.797170 0.163333 0.049865
1 0.890000 0.958221 0.035000 0.029650
1 0.955833 0.960916 0.056667 0.024259
5 0.220833 0.202830 0.051667 0.030997
5 0.277917 0.204178 0.047500 0.041779
5 0.334583 0.204852 0.042500 0.035040
5 0.388750 0.202830 0.037500 0.033693
18 0.217500 0.264151 0.043333 0.032345
18 0.274583 0.265499 0.050833 0.040431
18 0.335000 0.265499 0.053333 0.037736
18 0.396250 0.267520 0.049167 0.033693
4 0.427500 0.334232 0.455000 0.045822
0 0.253750 0.443396 0.107500 0.045822
0 0.345833 0.442049 0.070000 0.045822
1 0.604583 0.822776 0.032500 0.039084
1 0.566667 0.823450 0.040000 0.037736
1 0.533750 0.821429 0.027500 0.039084
1 0.507083 0.822776 0.025833 0.041779
1 0.480000 0.823450 0.030000 0.040431
1 0.453333 0.823450 0.026667 0.043127
1 0.427917 0.823450 0.027500 0.043127
1 0.399583 0.822102 0.027500 0.043127
1 0.373333 0.822776 0.025000 0.041779
1 0.347500 0.819407 0.028333 0.045822
1 0.320000 0.823450 0.028333 0.045822
1 0.285833 0.822102 0.040000 0.043127
1 0.249167 0.822776 0.031667 0.044474
