1 0.051667 0.039084 0.071667 0.045822
1 0.131250 0.040431 0.067500 0.048518
1 0.213750 0.043127 0.047500 0.045822
1 0.291250 0.041105 0.079167 0.044474
1 0.381250 0.037062 0.062500 0.039084
1 0.480417 0.038410 0.102500 0.052561
4 0.926250 0.039084 0.074167 0.037736
1 0.984167 0.037062 0.023333 0.033693
0 0.878333 0.036388 0.026667 0.040431
5 0.390833 0.204852 0.046667 0.029650
5 0.337083 0.202156 0.045833 0.035040
5 0.280417 0.206873 0.054167 0.033693
5 0.220417 0.202830 0.052500 0.033693
18 0.398333 0.269542 0.050000 0.032345
18 0.336667 0.270216 0.051667 0.033693
18 0.275833 0.268868 0.051667 0.030997
18 0.218333 0.270216 0.046667 0.033693
4 0.428333 0.335580 0.460000 0.045822
0 0.346667 0.442722 0.071667 0.047170
0 0.255417 0.440701 0.109167 0.043127
1 0.603333 0.820755 0.028333 0.043127
1 0.568750 0.822102 0.035833 0.045822
1 0.533333 0.822776 0.023333 0.041779
1 0.508750 0.820081 0.022500 0.047170
1 0.480833 0.818733 0.028333 0.041779
1 0.454583 0.818059 0.027500 0.043127
1 0.427500 0.820081 0.026667 0.047170
1 0.400833 0.820755 0.025000 0.043127
1 0.374583 0.822102 0.022500 0.043127
1 0.345833 0.822102 0.023333 0.043127
1 0.318750 0.818059 0.024167 0.040431
1 0.286667 0.822776 0.038333 0.049865
1 0.248750 0.824798 0.027500 0.053908
1 0.084583 0.109164 0.167500 0.048518
1 0.085417 0.159704 0.169167 0.047170
1 0.084583 0.216307 0.167500 0.049865
1 0.084583 0.270216 0.167500 0.055256
1 0.084583 0.326146 0.167500 0.051213
1 0.082917 0.378706 0.164167 0.051213
1 0.083750 0.427898 0.165833 0.049865
1 0.083750 0.481806 0.165833 0.049865
1 0.084583 0.533019 0.167500 0.047170
1 0.084583 0.584232 0.167500 0.049865
1 0.082917 0.635445 0.164167 0.052561
1 0.084583 0.685984 0.167500 0.053908
1 0.085000 0.741914 0.168333 0.055256
1 0.084583 0.801213 0.167500 0.055256
0 0.842500 0.038410 0.025000 0.036388
1 0.892083 0.956873 0.035833 0.024259
1 0.959167 0.958895 0.065000 0.028302
