5 0.436667 0.230104 0.055000 0.024221
5 0.588750 0.230681 0.057500 0.020761
5 0.437500 0.324683 0.056667 0.024221
5 0.588750 0.324683 0.057500 0.024221
5 0.435833 0.423875 0.055000 0.026528
5 0.588333 0.414072 0.055000 0.027682
5 0.437500 0.527682 0.058333 0.028835
5 0.589167 0.529412 0.063333 0.025375
0 0.291667 0.675317 0.183333 0.040369
0 0.245417 0.726644 0.092500 0.039216
0 0.333333 0.726644 0.061667 0.039216
0 0.841667 0.033449 0.016667 0.023068
1 0.052083 0.034025 0.072500 0.019608
1 0.212083 0.034602 0.054167 0.066897
1 0.290000 0.034602 0.101667 0.066897
1 0.379583 0.034602 0.077500 0.066897
1 0.477083 0.034602 0.117500 0.066897
1 0.982500 0.033449 0.033333 0.023068
1 0.083333 0.091696 0.165000 0.044983
1 0.083333 0.138408 0.165000 0.046136
1 0.083333 0.186275 0.165000 0.044983
1 0.083333 0.232987 0.165000 0.048443
1 0.083333 0.280277 0.165000 0.043829
1 0.083333 0.323529 0.165000 0.042676
1 0.083333 0.366782 0.165000 0.043829
1 0.083333 0.411765 0.165000 0.043829
1 0.083333 0.455017 0.165000 0.042676
1 0.083333 0.498270 0.165000 0.043829
1 0.083333 0.543253 0.165000 0.043829
1 0.083333 0.586505 0.165000 0.042676
1 0.083333 0.633795 0.165000 0.044983
1 0.083333 0.679931 0.165000 0.044983
1 0.440833 0.254325 0.050000 0.019608
1 0.588333 0.254325 0.045000 0.019608
1 0.437917 0.346021 0.044167 0.020761
1 0.588333 0.346021 0.045000 0.020761
1 0.437917 0.449250 0.044167 0.019608
1 0.588333 0.438293 0.045000 0.020761
1 0.437917 0.552480 0.044167 0.020761
1 0.588333 0.552480 0.045000 0.020761
1 0.267500 0.847751 0.033333 0.036909
1 0.304583 0.847751 0.042500 0.036909
1 0.338750 0.847751 0.027500 0.036909
1 0.365417 0.847751 0.027500 0.036909
1 0.392083 0.847751 0.027500 0.036909
1 0.418750 0.847751 0.027500 0.036909
1 0.445417 0.847751 0.027500 0.036909
1 0.472083 0.847751 0.027500 0.036909
1 0.498750 0.847751 0.027500 0.036909
1 0.525417 0.847751 0.027500 0.036909
1 0.552083 0.847751 0.027500 0.036909
1 0.585833 0.847751 0.041667 0.036909
1 0.622500 0.847751 0.033333 0.036909
1 0.889167 0.963668 0.025000 0.017301
1 0.955833 0.963668 0.053333 0.017301
1 0.912500 0.034602 0.105000 0.066897
20 0.444583 0.380046 0.495833 0.450980
1 0.129583 0.034602 0.072500 0.034602
