0 0.873437 0.004122 0.008333 0.003108
0 0.924219 0.003986 0.058854 0.005270
1 0.847656 0.004324 0.024479 0.004324
1 0.816146 0.003986 0.025000 0.003649
1 0.767448 0.003919 0.041146 0.001892
1 0.712760 0.004122 0.029687 0.003378
1 0.665104 0.003919 0.030208 0.002973
1 0.625000 0.004122 0.016667 0.003378
1 0.580729 0.004122 0.032292 0.001757
1 0.533594 0.004257 0.025521 0.003649
1 0.488802 0.004122 0.026562 0.003378
1 0.070833 0.003919 0.060417 0.005946
0 0.245052 0.061689 0.096354 0.007703
0 0.339583 0.061622 0.082292 0.008378
1 0.288021 0.133851 0.052083 0.003378
1 0.500260 0.134054 0.053646 0.002973
1 0.710417 0.133716 0.054167 0.003649
1 0.600781 0.180676 0.390104 0.065946
1 0.651823 0.244257 0.288021 0.053649
1 0.347656 0.244189 0.289062 0.053243
1 0.500260 0.283176 0.145313 0.002297
1 0.246354 0.324730 0.031250 0.011622
1 0.308333 0.325203 0.027083 0.011486
1 0.368490 0.324865 0.029687 0.011892
1 0.429688 0.324865 0.027083 0.011892
1 0.490885 0.324662 0.033854 0.012297
1 0.550781 0.324662 0.028646 0.011486
1 0.612760 0.324662 0.031771 0.012297
1 0.674479 0.325000 0.036458 0.011892
1 0.733854 0.324730 0.031250 0.011351
1 0.794271 0.324595 0.030208 0.011892
1 0.190885 0.353041 0.033854 0.008243
1 0.246875 0.337297 0.039583 0.002973
1 0.247135 0.342905 0.043229 0.002838
1 0.245312 0.348514 0.048958 0.002432
1 0.246354 0.356014 0.047917 0.006081
1 0.247396 0.362838 0.052083 0.002432
1 0.246354 0.368784 0.056250 0.002973
1 0.245833 0.375946 0.045833 0.005946
1 0.246094 0.383311 0.027604 0.003378
1 0.307031 0.337365 0.049479 0.003378
1 0.308854 0.343378 0.052083 0.002973
1 0.307552 0.348581 0.028646 0.002027
1 0.307031 0.354189 0.020313 0.003243
1 0.307812 0.360000 0.038542 0.003243
1 0.306250 0.365473 0.043750 0.002838
1 0.307812 0.372500 0.050000 0.006081
1 0.308854 0.381284 0.045833 0.005811
1 0.306250 0.390270 0.044792 0.005946
1 0.366927 0.338649 0.045312 0.005676
1 0.370052 0.345676 0.045312 0.003243
1 0.369531 0.351824 0.022396 0.003378
1 0.368750 0.357635 0.055208 0.002838
1 0.369271 0.363311 0.031250 0.002838
1 0.367708 0.368784 0.046875 0.003514
1 0.366406 0.373851 0.034896 0.004189
1 0.429948 0.339189 0.051562 0.006216
1 0.429688 0.345878 0.042708 0.002027
1 0.429427 0.353378 0.047396 0.005946
1 0.430990 0.360405 0.044271 0.003243
1 0.429688 0.368851 0.045833 0.008243
1 0.429948 0.377568 0.055729 0.003243
1 0.429167 0.384662 0.041667 0.005270
1 0.428385 0.392095 0.046354 0.003108
1 0.490885 0.338716 0.030729 0.005811
1 0.491146 0.347635 0.034375 0.006351
1 0.490885 0.355946 0.038021 0.005676
1 0.490885 0.364595 0.043229 0.005405
1 0.490365 0.373446 0.032813 0.005541
1 0.490365 0.380338 0.029687 0.002838
1 0.551823 0.337230 0.020313 0.003108
1 0.550521 0.343243 0.021875 0.003243
1 0.552604 0.349122 0.041667 0.002838
1 0.551562 0.356081 0.045833 0.005405
1 0.550781 0.364662 0.041146 0.005541
1 0.551823 0.371419 0.055729 0.003108
1 0.550781 0.378649 0.047396 0.006216
1 0.612240 0.339054 0.041146 0.006486
1 0.612240 0.345608 0.025521 0.003378
1 0.611979 0.351419 0.045833 0.004189
1 0.612240 0.358784 0.047396 0.005676
1 0.612240 0.366149 0.047396 0.002568
1 0.614323 0.372770 0.047396 0.006892
1 0.672656 0.337432 0.044271 0.002703
1 0.673177 0.344595 0.049479 0.006216
1 0.673438 0.353311 0.048958 0.005811
1 0.673958 0.360405 0.032292 0.003243
1 0.671875 0.366081 0.036458 0.003243
1 0.673958 0.373378 0.054167 0.005676
1 0.674740 0.381486 0.045312 0.005405
1 0.734375 0.337230 0.036458 0.003108
1 0.734115 0.343041 0.025521 0.002838
1 0.734635 0.350203 0.045312 0.005811
1 0.735417 0.357703 0.034375 0.003514
1 0.734635 0.363041 0.029687 0.003649
1 0.734115 0.368986 0.047396 0.003378
1 0.733333 0.375946 0.033333 0.005135
1 0.796094 0.338919 0.035937 0.006216
1 0.795052 0.347500 0.044271 0.005270
1 0.796615 0.356419 0.050521 0.005270
1 0.795573 0.366216 0.034896 0.008649
1 0.500260 0.416486 0.107813 0.002432
1 0.500521 0.423243 0.157292 0.002973
0 0.459896 0.463986 0.096875 0.007162
0 0.550000 0.464527 0.078125 0.006892
1 0.292969 0.521959 0.197396 0.039595
1 0.500521 0.522230 0.195833 0.039324
1 0.708594 0.522230 0.198437 0.040135
0 0.500000 0.594662 0.085417 0.007432
1 0.288802 0.657027 0.186979 0.064324
1 0.501042 0.657027 0.187500 0.064054
1 0.713021 0.657095 0.186458 0.065270
1 0.712500 0.746486 0.187500 0.064595
1 0.500781 0.746554 0.188021 0.063919
1 0.288802 0.747027 0.185938 0.065135
0 0.552344 0.834865 0.085938 0.007027
0 0.454948 0.835270 0.099479 0.007027
1 0.537760 0.866554 0.017188 0.005000
1 0.511979 0.866014 0.020833 0.005000
1 0.488021 0.866081 0.021875 0.005676
1 0.460417 0.866014 0.017708 0.005811
1 0.292187 0.883581 0.031250 0.002838
1 0.294531 0.888176 0.035937 0.003108
1 0.293490 0.892568 0.033854 0.003784
1 0.307812 0.897432 0.060417 0.003514
1 0.301302 0.901892 0.053646 0.003514
1 0.303125 0.906622 0.056250 0.004054
1 0.293750 0.911284 0.034375 0.002838
1 0.291927 0.916081 0.028646 0.003243
1 0.298438 0.920338 0.040625 0.003649
1 0.404427 0.883446 0.044271 0.002838
1 0.400521 0.888243 0.042708 0.002432
1 0.390104 0.893108 0.018750 0.003514
1 0.400521 0.897635 0.039583 0.002568
1 0.393490 0.901892 0.026562 0.002703
1 0.398958 0.906689 0.034375 0.002297
1 0.393750 0.910946 0.022917 0.003514
1 0.396875 0.915811 0.030208 0.002973
1 0.389844 0.920405 0.021354 0.002973
1 0.392188 0.924865 0.023958 0.003514
1 0.490104 0.883514 0.038542 0.002973
1 0.490104 0.888581 0.038542 0.003108
1 0.508594 0.892973 0.078646 0.002162
1 0.486979 0.897365 0.035417 0.003649
1 0.506771 0.901959 0.071875 0.003649
1 0.501823 0.906689 0.063021 0.004189
1 0.508594 0.911622 0.075521 0.003243
1 0.510677 0.915473 0.083854 0.003649
1 0.505990 0.920338 0.073438 0.003649
1 0.503906 0.925135 0.069271 0.004054
1 0.480729 0.929595 0.023958 0.002432
1 0.504687 0.934257 0.067708 0.003919
1 0.605990 0.906622 0.066146 0.003243
1 0.679948 0.938986 0.041146 0.003378
1 0.671875 0.934257 0.030208 0.003649
1 0.671875 0.929730 0.023958 0.002703
1 0.675000 0.925000 0.027083 0.003243
1 0.674740 0.920270 0.033854 0.002973
1 0.679167 0.915541 0.036458 0.002432
1 0.675260 0.911284 0.034896 0.003649
1 0.670833 0.906824 0.022917 0.003649
1 0.671094 0.902230 0.022396 0.002838
1 0.672396 0.897500 0.028125 0.002838
1 0.670312 0.892703 0.020833 0.002703
1 0.687500 0.888108 0.055208 0.004054
1 0.671875 0.883649 0.023958 0.003243
1 0.588542 0.901959 0.028125 0.003649
1 0.603906 0.897568 0.058854 0.003243
1 0.604688 0.892838 0.057292 0.002973
1 0.601562 0.888378 0.050000 0.002973
1 0.591927 0.883514 0.031771 0.003514
1 0.593229 0.972635 0.044792 0.003378
1 0.551302 0.972770 0.035937 0.002838
1 0.489323 0.972905 0.030729 0.003378
1 0.425521 0.972973 0.042708 0.003243
