1 0.051667 0.004486 0.071667 0.005127
1 0.130833 0.004726 0.070000 0.004005
1 0.214167 0.004726 0.036667 0.003044
1 0.293333 0.004806 0.078333 0.003845
1 0.373750 0.004966 0.047500 0.003525
1 0.479167 0.005046 0.093333 0.003364
4 0.927917 0.004566 0.082500 0.004646
1 0.982500 0.004646 0.015000 0.003845
1 0.874167 0.004806 0.021667 0.004165
1 0.035417 0.013057 0.034167 0.003044
1 0.054583 0.019465 0.079167 0.003044
1 0.036250 0.026113 0.049167 0.003525
1 0.063750 0.032602 0.095833 0.003044
1 0.062083 0.039090 0.095833 0.002884
1 0.052500 0.045498 0.043333 0.003525
1 0.080000 0.051426 0.096667 0.003204
1 0.055833 0.057754 0.055000 0.003364
1 0.069583 0.063441 0.077500 0.003525
1 0.072917 0.069689 0.087500 0.002884
1 0.057917 0.076017 0.052500 0.003364
1 0.053333 0.082025 0.045000 0.003845
1 0.620000 0.067927 0.240000 0.003204
1 0.672500 0.072573 0.350000 0.003845
1 0.603750 0.147549 0.217500 0.002243
1 0.657917 0.152275 0.312500 0.003044
1 0.653750 0.193448 0.307500 0.002723
1 0.680000 0.197613 0.365000 0.003044
1 0.226667 0.141301 0.061667 0.003204
1 0.623750 0.258331 0.252500 0.002723
1 0.672083 0.262416 0.352500 0.002243
1 0.643750 0.312400 0.287500 0.003204
1 0.675000 0.317126 0.355000 0.002403
1 0.612917 0.353733 0.229167 0.002884
1 0.661250 0.358219 0.332500 0.003204
1 0.617500 0.390340 0.240000 0.003364
1 0.671250 0.394425 0.347500 0.003845
1 0.638750 0.440484 0.287500 0.003044
1 0.666250 0.444489 0.340833 0.002403
1 0.646250 0.494393 0.292500 0.002884
1 0.665833 0.498879 0.340000 0.002243
1 0.622500 0.540292 0.250000 0.003364
1 0.671250 0.544457 0.347500 0.002403
1 0.653750 0.576498 0.317500 0.003044
1 0.693750 0.581144 0.387500 0.003044
1 0.654167 0.617911 0.316667 0.003204
1 0.692500 0.621836 0.395000 0.002403
1 0.651250 0.667895 0.312500 0.003845
1 0.682500 0.671820 0.370000 0.003044
1 0.645000 0.704342 0.295000 0.003364
1 0.682500 0.708507 0.370000 0.004005
1 0.643750 0.740548 0.297500 0.004005
1 0.681250 0.745114 0.372500 0.002563
1 0.625417 0.787168 0.254167 0.002723
1 0.675000 0.791333 0.355000 0.002403
1 0.642917 0.810077 0.289167 0.003044
1 0.672917 0.814723 0.345833 0.003044
1 0.648750 0.837953 0.307500 0.003364
1 0.683750 0.842118 0.377500 0.003044
1 0.666250 0.865508 0.337500 0.002403
1 0.707500 0.869433 0.415000 0.002243
1 0.640833 0.892903 0.295000 0.003044
1 0.681250 0.897389 0.367500 0.003685
1 0.641250 0.920218 0.294167 0.003845
1 0.682500 0.924944 0.375000 0.003044
1 0.648750 0.947613 0.307500 0.003845
1 0.690417 0.952740 0.382500 0.002563
14 0.325000 0.945210 0.255000 0.005447
16 0.314167 0.914531 0.121667 0.004005
16 0.315417 0.888177 0.062500 0.007049
16 0.338750 0.860782 0.147500 0.006408
14 0.264167 0.836671 0.128333 0.006248
16 0.320417 0.805351 0.114167 0.007049
15 0.337500 0.775793 0.131667 0.004005
14 0.264167 0.741269 0.085000 0.004486
14 0.241250 0.750641 0.084167 0.003044
14 0.239583 0.757450 0.087500 0.003204
14 0.239583 0.763938 0.087500 0.003685
14 0.241667 0.769946 0.086667 0.002884
3 0.322917 0.747277 0.029167 0.004326
3 0.321667 0.753845 0.031667 0.004646
3 0.368750 0.760654 0.027500 0.004486
3 0.267500 0.734620 0.025000 0.004005
13 0.219167 0.693528 0.040000 0.004486
13 0.218750 0.698174 0.040833 0.003525
7 0.206250 0.661407 0.017500 0.003685
7 0.205000 0.665412 0.016667 0.004326
7 0.205000 0.669978 0.018333 0.004165
7 0.205000 0.673983 0.020000 0.003525
5 0.205417 0.611343 0.017500 0.003204
5 0.204583 0.615428 0.019167 0.003685
5 0.206667 0.619673 0.020000 0.003204
5 0.205417 0.623758 0.017500 0.003044
5 0.204167 0.628004 0.013333 0.003204
5 0.205000 0.570570 0.020000 0.003364
5 0.263750 0.533002 0.130833 0.004165
4 0.327500 0.485101 0.065000 0.005447
16 0.296250 0.433515 0.062500 0.012496
4 0.369583 0.379446 0.064167 0.004646
4 0.304167 0.379446 0.061667 0.004326
12 0.305417 0.349087 0.089167 0.017943
1 0.247500 0.312400 0.095000 0.003845
11 0.237917 0.309116 0.077500 0.003044
11 0.236667 0.305111 0.080000 0.003364
9 0.256250 0.262496 0.117500 0.006248
9 0.290417 0.253845 0.184167 0.010093
6 0.327917 0.186639 0.132500 0.003845
6 0.336667 0.182554 0.133333 0.003044
0 0.267917 0.069369 0.139167 0.005767
0 0.272083 0.077699 0.145833 0.005447
0 0.237917 0.083387 0.077500 0.004966
0 0.255833 0.089154 0.113333 0.005607
0 0.267500 0.097565 0.133333 0.005447
0 0.263333 0.106296 0.128333 0.005287
0 0.257500 0.113986 0.115000 0.004646
0 0.255000 0.122557 0.113333 0.006088
0 0.842083 0.004806 0.025833 0.003845
1 0.889167 0.992550 0.026667 0.002403
1 0.957917 0.992070 0.054167 0.002403
1 0.404583 0.005127 0.012500 0.002884
1 0.145417 0.026113 0.015833 0.002243
1 0.146667 0.039250 0.016667 0.002563
1 0.058750 0.087953 0.057500 0.002563
6 0.290000 0.571051 0.136667 0.002403
6 0.247500 0.611903 0.055000 0.001762
6 0.233333 0.615988 0.025000 0.002884
6 0.244583 0.620314 0.047500 0.002563
6 0.237083 0.624399 0.035833 0.002403
6 0.242917 0.628484 0.045833 0.002243
8 0.232500 0.661647 0.021667 0.002563
8 0.236667 0.666053 0.033333 0.003044
8 0.233333 0.670218 0.030000 0.003044
8 0.237083 0.674463 0.037500 0.002884
