1 0.039167 0.020210 0.073333 0.026946
1 0.116250 0.023204 0.067500 0.022455
1 0.197500 0.022455 0.030000 0.014970
1 0.276250 0.022455 0.077500 0.017964
1 0.358333 0.021707 0.040000 0.014970
1 0.464583 0.022829 0.095833 0.014222
1 0.860000 0.021707 0.025000 0.020958
4 0.911250 0.021707 0.077500 0.020958
1 0.968750 0.021707 0.017500 0.013473
1 0.568750 0.223054 0.092500 0.032934
1 0.019167 0.059132 0.036667 0.017964
1 0.041667 0.090569 0.081667 0.016467
1 0.024167 0.121632 0.046667 0.012725
1 0.049167 0.151198 0.096667 0.016467
1 0.049167 0.182635 0.095000 0.017964
2 0.311667 0.309132 0.251667 0.113772
2 0.566250 0.430015 0.252500 0.116018
2 0.311250 0.428518 0.252500 0.116018
2 0.310000 0.547530 0.250000 0.116018
0 0.895417 0.056512 0.132500 0.020210
0 0.827917 0.020210 0.022500 0.020958
1 0.942500 0.976048 0.055000 0.011976
1 0.875833 0.976048 0.030000 0.011976
1 0.132917 0.118638 0.014167 0.012725
1 0.132917 0.182635 0.014167 0.014970
1 0.389167 0.023204 0.013333 0.013473
