0 0.082917 0.024000 0.164167 0.016000
0 0.082917 0.040000 0.164167 0.016000
0 0.082917 0.056000 0.164167 0.016000
0 0.082917 0.071500 0.164167 0.015667
0 0.082917 0.087500 0.164167 0.016333
0 0.082917 0.103500 0.164167 0.015667
0 0.082917 0.119500 0.164167 0.016333
0 0.082917 0.136000 0.164167 0.016000
0 0.082917 0.151500 0.164167 0.016333
0 0.082917 0.168000 0.164167 0.016000
0 0.082917 0.184000 0.164167 0.016000
0 0.082917 0.200000 0.164167 0.016000
0 0.082917 0.216000 0.164167 0.016000
0 0.082917 0.216000 0.164167 0.016000
0 0.082917 0.232000 0.164167 0.016000
0 0.082917 0.248000 0.164167 0.016000
0 0.082917 0.264000 0.164167 0.016000
0 0.082917 0.248000 0.164167 0.016000
0 0.082917 0.264000 0.164167 0.016000
0 0.082917 0.280000 0.164167 0.016000
0 0.082917 0.295500 0.164167 0.016333
0 0.082917 0.312000 0.164167 0.016000
0 0.082917 0.328000 0.164167 0.016000
0 0.082917 0.343500 0.164167 0.016333
0 0.082917 0.360000 0.164167 0.016000
0 0.082917 0.264000 0.164167 0.016000
0 0.082917 0.280000 0.164167 0.016000
0 0.082917 0.295500 0.164167 0.016333
0 0.082917 0.312000 0.164167 0.016000
0 0.082917 0.295500 0.164167 0.016333
0 0.082917 0.312000 0.164167 0.016000
0 0.082917 0.343500 0.164167 0.016333
0 0.082917 0.360000 0.164167 0.016000
0 0.082917 0.376000 0.164167 0.016000
0 0.082917 0.392000 0.164167 0.016000
0 0.082917 0.424000 0.164167 0.016000
0 0.082917 0.440000 0.164167 0.016000
0 0.082917 0.456000 0.164167 0.016000
0 0.082917 0.472000 0.164167 0.016000
0 0.082917 0.488000 0.164167 0.016000
0 0.082917 0.504000 0.164167 0.016000
0 0.082917 0.440000 0.164167 0.016000
0 0.082917 0.456000 0.164167 0.016000
0 0.082917 0.472000 0.164167 0.016000
0 0.082917 0.504000 0.164167 0.016000
0 0.082917 0.520000 0.164167 0.016000
0 0.082917 0.536000 0.164167 0.016000
0 0.082917 0.552000 0.164167 0.016000
0 0.082917 0.567667 0.164167 0.016000
0 0.082917 0.583500 0.164167 0.016333
0 0.082917 0.567667 0.164167 0.016000
0 0.082917 0.583500 0.164167 0.016333
0 0.082917 0.600000 0.164167 0.016000
0 0.082917 0.616000 0.164167 0.016000
0 0.082917 0.632000 0.164167 0.016000
0 0.082917 0.648000 0.164167 0.016000
0 0.082917 0.680000 0.164167 0.016000
0 0.082917 0.696000 0.164167 0.016000
0 0.082917 0.712000 0.164167 0.016000
0 0.082917 0.728000 0.164167 0.016000
0 0.082917 0.744000 0.164167 0.016000
0 0.082917 0.776000 0.164167 0.016000
0 0.082917 0.792000 0.164167 0.016000
0 0.082917 0.808000 0.164167 0.016000
0 0.082917 0.824000 0.164167 0.016000
0 0.082917 0.840000 0.164167 0.016000
0 0.082917 0.856000 0.164167 0.016000
0 0.082917 0.872000 0.164167 0.016000
0 0.082917 0.888000 0.164167 0.016000
13 0.377917 0.331000 0.034167 0.009333
17 0.300833 0.060833 0.226667 0.008333
17 0.352500 0.081667 0.333333 0.006667
17 0.355000 0.124500 0.336667 0.008333
17 0.355417 0.145833 0.330833 0.008333
17 0.355417 0.188667 0.334167 0.008667
17 0.353750 0.237667 0.335833 0.009333
17 0.354167 0.287333 0.336667 0.008667
17 0.284583 0.330667 0.129167 0.008667
17 0.198333 0.418333 0.018333 0.100000
