5 0.195000 0.106333 0.035000 0.014000
5 0.314167 0.106333 0.035000 0.014000
5 0.207500 0.413000 0.035000 0.014000
5 0.207500 0.429667 0.035000 0.014000
5 0.207500 0.446333 0.035000 0.014000
5 0.207500 0.463000 0.035000 0.014000
5 0.790000 0.519667 0.095000 0.012667
5 0.774167 0.535667 0.095000 0.012667
0 0.790000 0.234667 0.040000 0.016000
0 0.790000 0.253333 0.040000 0.016000
0 0.790000 0.272000 0.040000 0.016000
0 0.790000 0.413000 0.040000 0.016000
0 0.790000 0.429667 0.040000 0.016000
0 0.790000 0.446333 0.040000 0.016000
0 0.790000 0.463000 0.040000 0.016000
0 0.083333 0.024000 0.165000 0.016000
0 0.083333 0.040000 0.165000 0.016000
0 0.083333 0.056000 0.165000 0.016000
0 0.083333 0.071833 0.165000 0.015667
0 0.083333 0.087833 0.165000 0.016333
0 0.083333 0.103833 0.165000 0.015667
0 0.083333 0.119833 0.165000 0.016333
0 0.083333 0.136000 0.165000 0.016000
0 0.083333 0.151833 0.165000 0.016333
0 0.083333 0.168000 0.165000 0.016000
0 0.083333 0.184000 0.165000 0.016000
0 0.083333 0.200000 0.165000 0.016000
0 0.083333 0.216000 0.165000 0.016000
0 0.083333 0.216000 0.165000 0.016000
0 0.083333 0.232000 0.165000 0.016000
0 0.083333 0.248000 0.165000 0.016000
0 0.083333 0.264000 0.165000 0.016000
0 0.083333 0.248000 0.165000 0.016000
0 0.083333 0.264000 0.165000 0.016000
0 0.083333 0.280000 0.165000 0.016000
0 0.083333 0.295833 0.165000 0.016333
0 0.083333 0.312000 0.165000 0.016000
0 0.083333 0.328000 0.165000 0.016000
0 0.083333 0.343833 0.165000 0.016333
0 0.083333 0.360000 0.165000 0.016000
0 0.083333 0.264000 0.165000 0.016000
0 0.083333 0.280000 0.165000 0.016000
0 0.083333 0.295833 0.165000 0.016333
0 0.083333 0.312000 0.165000 0.016000
0 0.083333 0.295833 0.165000 0.016333
0 0.083333 0.312000 0.165000 0.016000
0 0.083333 0.343833 0.165000 0.016333
0 0.083333 0.360000 0.165000 0.016000
0 0.083333 0.376000 0.165000 0.016000
0 0.083333 0.392000 0.165000 0.016000
0 0.083333 0.424000 0.165000 0.016000
0 0.083333 0.440000 0.165000 0.016000
0 0.083333 0.456000 0.165000 0.016000
0 0.083333 0.472000 0.165000 0.016000
0 0.083333 0.488000 0.165000 0.016000
0 0.083333 0.504000 0.165000 0.016000
0 0.083333 0.440000 0.165000 0.016000
0 0.083333 0.456000 0.165000 0.016000
0 0.083333 0.472000 0.165000 0.016000
0 0.083333 0.504000 0.165000 0.016000
0 0.083333 0.520000 0.165000 0.016000
0 0.083333 0.536000 0.165000 0.016000
0 0.083333 0.552000 0.165000 0.016000
0 0.083333 0.567667 0.165000 0.016000
0 0.083333 0.583833 0.165000 0.016333
0 0.083333 0.567667 0.165000 0.016000
0 0.083333 0.583833 0.165000 0.016333
0 0.083333 0.600000 0.165000 0.016000
0 0.083333 0.616000 0.165000 0.016000
0 0.083333 0.632000 0.165000 0.016000
0 0.083333 0.648000 0.165000 0.016000
0 0.083333 0.680000 0.165000 0.016000
0 0.083333 0.696000 0.165000 0.016000
0 0.083333 0.712000 0.165000 0.016000
0 0.083333 0.728000 0.165000 0.016000
0 0.083333 0.744000 0.165000 0.016000
0 0.083333 0.776000 0.165000 0.016000
0 0.083333 0.792000 0.165000 0.016000
0 0.083333 0.808000 0.165000 0.016000
0 0.083333 0.824000 0.165000 0.016000
0 0.083333 0.840000 0.165000 0.016000
0 0.083333 0.856000 0.165000 0.016000
0 0.083333 0.872000 0.165000 0.016000
0 0.083333 0.888000 0.165000 0.016000
0 0.336667 0.056667 0.300000 0.016000
0 0.499583 0.316333 0.627500 0.016000
0 0.499583 0.332333 0.627500 0.016000
0 0.499583 0.354000 0.627500 0.016000
0 0.499583 0.370000 0.627500 0.016000
0 0.497083 0.413167 0.544167 0.014333
0 0.497917 0.429500 0.544167 0.012333
0 0.497500 0.446333 0.543333 0.012667
0 0.498333 0.463000 0.543333 0.012667
