0 0.216667 0.058057 0.046667 0.018667
0 0.276667 0.058057 0.046667 0.018667
0 0.368965 0.058057 0.111263 0.016
0 0.461263 0.058057 0.046667 0.018667
0 0.256113 0.111005 0.138893 0.016
0 0.395007 0.111005 0.138893 0.016
0 0.5339 0.111005 0.138893 0.016
0 0.566667 0.155005 0.046667 0.018667
0 0.083333 0.024 0.166667 0.016
0 0.083333 0.04 0.166667 0.016
0 0.083333 0.056 0.166667 0.016
0 0.083333 0.072 0.166667 0.016
0 0.083333 0.088 0.166667 0.016
0 0.083333 0.104 0.166667 0.016
0 0.083333 0.12 0.166667 0.016
0 0.083333 0.136 0.166667 0.016
0 0.083333 0.152 0.166667 0.016
0 0.083333 0.168 0.166667 0.016
0 0.083333 0.184 0.166667 0.016
0 0.083333 0.2 0.166667 0.016
0 0.083333 0.216 0.166667 0.016
0 0.083333 0.216 0.166667 0.016
0 0.083333 0.232 0.166667 0.016
0 0.083333 0.248 0.166667 0.016
0 0.083333 0.264 0.166667 0.016
0 0.083333 0.248 0.166667 0.016
0 0.083333 0.264 0.166667 0.016
0 0.083333 0.28 0.166667 0.016
0 0.083333 0.296 0.166667 0.016
0 0.083333 0.312 0.166667 0.016
0 0.083333 0.328 0.166667 0.016
0 0.083333 0.344 0.166667 0.016
0 0.083333 0.36 0.166667 0.016
0 0.083333 0.264 0.166667 0.016
0 0.083333 0.28 0.166667 0.016
0 0.083333 0.296 0.166667 0.016
0 0.083333 0.312 0.166667 0.016
0 0.083333 0.296 0.166667 0.016
0 0.083333 0.312 0.166667 0.016
0 0.083333 0.344 0.166667 0.016
0 0.083333 0.36 0.166667 0.016
0 0.083333 0.376 0.166667 0.016
0 0.083333 0.392 0.166667 0.016
0 0.083333 0.424 0.166667 0.016
0 0.083333 0.44 0.166667 0.016
0 0.083333 0.456 0.166667 0.016
0 0.083333 0.472 0.166667 0.016
0 0.083333 0.488 0.166667 0.016
0 0.083333 0.504 0.166667 0.016
0 0.083333 0.44 0.166667 0.016
0 0.083333 0.456 0.166667 0.016
0 0.083333 0.472 0.166667 0.016
0 0.083333 0.504 0.166667 0.016
0 0.083333 0.52 0.166667 0.016
0 0.083333 0.536 0.166667 0.016
0 0.083333 0.552 0.166667 0.016
0 0.083333 0.568 0.166667 0.016
0 0.083333 0.584 0.166667 0.016
0 0.083333 0.568 0.166667 0.016
0 0.083333 0.584 0.166667 0.016
0 0.083333 0.6 0.166667 0.016
0 0.083333 0.616 0.166667 0.016
0 0.083333 0.632 0.166667 0.016
0 0.083333 0.648 0.166667 0.016
0 0.083333 0.68 0.166667 0.016
0 0.083333 0.696 0.166667 0.016
0 0.083333 0.712 0.166667 0.016
0 0.083333 0.728 0.166667 0.016
0 0.083333 0.744 0.166667 0.016
0 0.083333 0.776 0.166667 0.016
0 0.083333 0.792 0.166667 0.016
0 0.083333 0.808 0.166667 0.016
0 0.083333 0.824 0.166667 0.016
0 0.083333 0.84 0.166667 0.016
0 0.083333 0.856 0.166667 0.016
0 0.083333 0.872 0.166667 0.016
0 0.083333 0.888 0.166667 0.016
