2 0.275833 0.059167 0.161667 0.008333
2 0.452083 0.058333 0.159167 0.009333
2 0.803750 0.059500 0.159167 0.008333
2 0.630000 0.080167 0.165000 0.009667
2 0.275417 0.132667 0.157500 0.009333
2 0.452500 0.132500 0.155000 0.009000
2 0.285417 0.300833 0.142500 0.009667
2 0.438750 0.292667 0.150833 0.009333
2 0.588750 0.319333 0.775833 0.009333
0 0.715833 0.298667 0.040000 0.016000
0 0.083333 0.024000 0.165000 0.016000
0 0.083333 0.040000 0.165000 0.016000
0 0.083333 0.056000 0.165000 0.016000
0 0.083333 0.071833 0.165000 0.015667
0 0.083333 0.087833 0.165000 0.016333
0 0.083333 0.103833 0.165000 0.015667
0 0.083333 0.119833 0.165000 0.016333
0 0.083333 0.136000 0.165000 0.016000
0 0.083333 0.151833 0.165000 0.016333
0 0.083333 0.168000 0.165000 0.016000
0 0.083333 0.184000 0.165000 0.016000
0 0.083333 0.200000 0.165000 0.016000
0 0.083333 0.216000 0.165000 0.016000
0 0.083333 0.216000 0.165000 0.016000
0 0.083333 0.232000 0.165000 0.016000
0 0.083333 0.248000 0.165000 0.016000
0 0.083333 0.264000 0.165000 0.016000
0 0.083333 0.248000 0.165000 0.016000
0 0.083333 0.264000 0.165000 0.016000
0 0.083333 0.280000 0.165000 0.016000
0 0.083333 0.295833 0.165000 0.016333
0 0.083333 0.312000 0.165000 0.016000
0 0.083333 0.328000 0.165000 0.016000
0 0.083333 0.343833 0.165000 0.016333
0 0.083333 0.360000 0.165000 0.016000
0 0.083333 0.264000 0.165000 0.016000
0 0.083333 0.280000 0.165000 0.016000
0 0.083333 0.295833 0.165000 0.016333
0 0.083333 0.312000 0.165000 0.016000
0 0.083333 0.295833 0.165000 0.016333
0 0.083333 0.312000 0.165000 0.016000
0 0.083333 0.343833 0.165000 0.016333
0 0.083333 0.360000 0.165000 0.016000
0 0.083333 0.376000 0.165000 0.016000
0 0.083333 0.392000 0.165000 0.016000
0 0.083333 0.424000 0.165000 0.016000
0 0.083333 0.440000 0.165000 0.016000
0 0.083333 0.456000 0.165000 0.016000
0 0.083333 0.472000 0.165000 0.016000
0 0.083333 0.488000 0.165000 0.016000
0 0.083333 0.504000 0.165000 0.016000
0 0.083333 0.440000 0.165000 0.016000
0 0.083333 0.456000 0.165000 0.016000
0 0.083333 0.472000 0.165000 0.016000
0 0.083333 0.504000 0.165000 0.016000
0 0.083333 0.520000 0.165000 0.016000
0 0.083333 0.536000 0.165000 0.016000
0 0.083333 0.552000 0.165000 0.016000
0 0.083333 0.567667 0.165000 0.016000
0 0.083333 0.583833 0.165000 0.016333
0 0.083333 0.567667 0.165000 0.016000
0 0.083333 0.583833 0.165000 0.016333
0 0.083333 0.600000 0.165000 0.016000
0 0.083333 0.616000 0.165000 0.016000
0 0.083333 0.632000 0.165000 0.016000
0 0.083333 0.648000 0.165000 0.016000
0 0.083333 0.680000 0.165000 0.016000
0 0.083333 0.696000 0.165000 0.016000
0 0.083333 0.712000 0.165000 0.016000
0 0.083333 0.728000 0.165000 0.016000
0 0.083333 0.744000 0.165000 0.016000
0 0.083333 0.776000 0.165000 0.016000
0 0.083333 0.792000 0.165000 0.016000
0 0.083333 0.808000 0.165000 0.016000
0 0.083333 0.824000 0.165000 0.016000
0 0.083333 0.840000 0.165000 0.016000
0 0.083333 0.856000 0.165000 0.016000
0 0.083333 0.872000 0.165000 0.016000
0 0.083333 0.888000 0.165000 0.016000
14 0.273750 0.252333 0.140833 0.008667
2 0.275833 0.080000 0.161667 0.009333
6 0.274167 0.182500 0.138333 0.007000
6 0.451250 0.182833 0.139167 0.005667
6 0.627917 0.193167 0.135833 0.025000
14 0.452083 0.248000 0.140833 0.007333
2 0.629167 0.059500 0.161667 0.008333
2 0.452083 0.079333 0.162500 0.008000
2 0.615000 0.299000 0.151667 0.006667
