0 0.231354 0.054724 0.076042 0.012
0 0.322324 0.054724 0.079232 0.012
0 0.4236 0.054724 0.096654 0.012
0 0.526738 0.054724 0.082956 0.012
0 0.224688 0.103005 0.062708 0.012
0 0.302324 0.103005 0.065898 0.012
0 0.390267 0.103005 0.08332 0.012
0 0.480072 0.103005 0.069622 0.012
0 0.238132 0.152286 0.089596 0.012
0 0.335039 0.152286 0.077552 0.012
0 0.433652 0.152286 0.093008 0.012
0 0.531406 0.152286 0.075833 0.012
0 0.61485 0.152286 0.064388 0.01
0 0.71873 0.152286 0.116706 0.014
0 0.213333 0.205568 0.04 0.016
0 0.266667 0.205568 0.04 0.016
0 0.32 0.205568 0.04 0.016
0 0.373333 0.205568 0.04 0.016
0 0.244362 0.256182 0.102057 0.012
0 0.372741 0.256182 0.128034 0.012
0 0.492285 0.256182 0.084388 0.012667
0 0.345332 0.331464 0.317331 0.066667
0 0.622995 0.331464 0.237995 0.066667
0 0.86099 0.331464 0.237995 0.066667
0 0.083333 0.024 0.166667 0.016
0 0.083333 0.04 0.166667 0.016
0 0.083333 0.056 0.166667 0.016
0 0.083333 0.072 0.166667 0.016
0 0.083333 0.088 0.166667 0.016
0 0.083333 0.104 0.166667 0.016
0 0.083333 0.12 0.166667 0.016
0 0.083333 0.136 0.166667 0.016
0 0.083333 0.152 0.166667 0.016
0 0.083333 0.168 0.166667 0.016
0 0.083333 0.184 0.166667 0.016
0 0.083333 0.2 0.166667 0.016
0 0.083333 0.216 0.166667 0.016
0 0.083333 0.216 0.166667 0.016
0 0.083333 0.232 0.166667 0.016
0 0.083333 0.248 0.166667 0.016
0 0.083333 0.264 0.166667 0.016
0 0.083333 0.248 0.166667 0.016
0 0.083333 0.264 0.166667 0.016
0 0.083333 0.28 0.166667 0.016
0 0.083333 0.296 0.166667 0.016
0 0.083333 0.312 0.166667 0.016
0 0.083333 0.328 0.166667 0.016
0 0.083333 0.344 0.166667 0.016
0 0.083333 0.36 0.166667 0.016
0 0.083333 0.264 0.166667 0.016
0 0.083333 0.28 0.166667 0.016
0 0.083333 0.296 0.166667 0.016
0 0.083333 0.312 0.166667 0.016
0 0.083333 0.296 0.166667 0.016
0 0.083333 0.312 0.166667 0.016
0 0.083333 0.344 0.166667 0.016
0 0.083333 0.36 0.166667 0.016
0 0.083333 0.376 0.166667 0.016
0 0.083333 0.392 0.166667 0.016
0 0.083333 0.424 0.166667 0.016
0 0.083333 0.44 0.166667 0.016
0 0.083333 0.456 0.166667 0.016
0 0.083333 0.472 0.166667 0.016
0 0.083333 0.488 0.166667 0.016
0 0.083333 0.504 0.166667 0.016
0 0.083333 0.44 0.166667 0.016
0 0.083333 0.456 0.166667 0.016
0 0.083333 0.472 0.166667 0.016
0 0.083333 0.504 0.166667 0.016
0 0.083333 0.52 0.166667 0.016
0 0.083333 0.536 0.166667 0.016
0 0.083333 0.552 0.166667 0.016
0 0.083333 0.568 0.166667 0.016
0 0.083333 0.584 0.166667 0.016
0 0.083333 0.568 0.166667 0.016
0 0.083333 0.584 0.166667 0.016
0 0.083333 0.6 0.166667 0.016
0 0.083333 0.616 0.166667 0.016
0 0.083333 0.632 0.166667 0.016
0 0.083333 0.648 0.166667 0.016
0 0.083333 0.68 0.166667 0.016
0 0.083333 0.696 0.166667 0.016
0 0.083333 0.712 0.166667 0.016
0 0.083333 0.728 0.166667 0.016
0 0.083333 0.744 0.166667 0.016
0 0.083333 0.776 0.166667 0.016
0 0.083333 0.792 0.166667 0.016
0 0.083333 0.808 0.166667 0.016
0 0.083333 0.824 0.166667 0.016
0 0.083333 0.84 0.166667 0.016
0 0.083333 0.856 0.166667 0.016
0 0.083333 0.872 0.166667 0.016
0 0.083333 0.888 0.166667 0.016
1 0.608216 0.054724 0.053333 0.012
1 0.554883 0.103005 0.053333 0.012
