5 0.204167 0.053057 0.035 0.014
5 0.239167 0.053057 0.035 0.014
5 0.274167 0.053057 0.035 0.014
5 0.309167 0.053057 0.035 0.014
5 0.344167 0.053057 0.035 0.014
5 0.379167 0.053057 0.035 0.014
5 0.414167 0.053057 0.035 0.014
5 0.4475 0.053057 0.031667 0.012667
5 0.195 0.088672 0.035 0.014
5 0.297917 0.088672 0.035 0.014
5 0.383997 0.088672 0.035 0.014
5 0.500013 0.088672 0.035 0.014
5 0.591589 0.088672 0.035 0.014
5 0.683164 0.088672 0.035 0.014
5 0.806406 0.088672 0.035 0.014
5 0.195 0.102672 0.035 0.014
5 0.308776 0.102672 0.031667 0.012667
5 0.215 0.15162 0.035 0.014
5 0.215 0.16562 0.035 0.014
5 0.215 0.17962 0.035 0.014
5 0.381393 0.15162 0.035 0.014
5 0.381393 0.16562 0.035 0.014
5 0.381393 0.17962 0.035 0.014
5 0.2175 0.243901 0.035 0.014
5 0.308516 0.239901 0.035 0.014
5 0.352448 0.235901 0.035 0.014
5 0.39638 0.239901 0.035 0.014
0 0.083333 0.024 0.166667 0.016
0 0.083333 0.04 0.166667 0.016
0 0.083333 0.056 0.166667 0.016
0 0.083333 0.072 0.166667 0.016
0 0.083333 0.088 0.166667 0.016
0 0.083333 0.104 0.166667 0.016
0 0.083333 0.12 0.166667 0.016
0 0.083333 0.136 0.166667 0.016
0 0.083333 0.152 0.166667 0.016
0 0.083333 0.168 0.166667 0.016
0 0.083333 0.184 0.166667 0.016
0 0.083333 0.2 0.166667 0.016
0 0.083333 0.216 0.166667 0.016
0 0.083333 0.216 0.166667 0.016
0 0.083333 0.232 0.166667 0.016
0 0.083333 0.248 0.166667 0.016
0 0.083333 0.264 0.166667 0.016
0 0.083333 0.248 0.166667 0.016
0 0.083333 0.264 0.166667 0.016
0 0.083333 0.28 0.166667 0.016
0 0.083333 0.296 0.166667 0.016
0 0.083333 0.312 0.166667 0.016
0 0.083333 0.328 0.166667 0.016
0 0.083333 0.344 0.166667 0.016
0 0.083333 0.36 0.166667 0.016
0 0.083333 0.264 0.166667 0.016
0 0.083333 0.28 0.166667 0.016
0 0.083333 0.296 0.166667 0.016
0 0.083333 0.312 0.166667 0.016
0 0.083333 0.296 0.166667 0.016
0 0.083333 0.312 0.166667 0.016
0 0.083333 0.344 0.166667 0.016
0 0.083333 0.36 0.166667 0.016
0 0.083333 0.376 0.166667 0.016
0 0.083333 0.392 0.166667 0.016
0 0.083333 0.424 0.166667 0.016
0 0.083333 0.44 0.166667 0.016
0 0.083333 0.456 0.166667 0.016
0 0.083333 0.472 0.166667 0.016
0 0.083333 0.488 0.166667 0.016
0 0.083333 0.504 0.166667 0.016
0 0.083333 0.44 0.166667 0.016
0 0.083333 0.456 0.166667 0.016
0 0.083333 0.472 0.166667 0.016
0 0.083333 0.504 0.166667 0.016
0 0.083333 0.52 0.166667 0.016
0 0.083333 0.536 0.166667 0.016
0 0.083333 0.552 0.166667 0.016
0 0.083333 0.568 0.166667 0.016
0 0.083333 0.584 0.166667 0.016
0 0.083333 0.568 0.166667 0.016
0 0.083333 0.584 0.166667 0.016
0 0.083333 0.6 0.166667 0.016
0 0.083333 0.616 0.166667 0.016
0 0.083333 0.632 0.166667 0.016
0 0.083333 0.648 0.166667 0.016
0 0.083333 0.68 0.166667 0.016
0 0.083333 0.696 0.166667 0.016
0 0.083333 0.712 0.166667 0.016
0 0.083333 0.728 0.166667 0.016
0 0.083333 0.744 0.166667 0.016
0 0.083333 0.776 0.166667 0.016
0 0.083333 0.792 0.166667 0.016
0 0.083333 0.808 0.166667 0.016
0 0.083333 0.824 0.166667 0.016
0 0.083333 0.84 0.166667 0.016
0 0.083333 0.856 0.166667 0.016
0 0.083333 0.872 0.166667 0.016
0 0.083333 0.888 0.166667 0.016
