0 0.216667 0.127667 0.046667 0.018667
0 0.310000 0.127667 0.115000 0.012000
0 0.393750 0.367000 0.064167 0.012000
0 0.393750 0.403000 0.115833 0.012000
0 0.082917 0.024000 0.164167 0.016000
0 0.082917 0.040000 0.164167 0.016000
0 0.082917 0.056000 0.164167 0.016000
0 0.082917 0.071500 0.164167 0.015667
0 0.082917 0.087500 0.164167 0.016333
0 0.082917 0.103500 0.164167 0.015667
0 0.082917 0.119500 0.164167 0.016333
0 0.082917 0.136000 0.164167 0.016000
0 0.082917 0.151500 0.164167 0.016333
0 0.082917 0.168000 0.164167 0.016000
0 0.082917 0.184000 0.164167 0.016000
0 0.082917 0.200000 0.164167 0.016000
0 0.082917 0.216000 0.164167 0.016000
0 0.082917 0.216000 0.164167 0.016000
0 0.082917 0.232000 0.164167 0.016000
0 0.082917 0.248000 0.164167 0.016000
0 0.082917 0.264000 0.164167 0.016000
0 0.082917 0.248000 0.164167 0.016000
0 0.082917 0.264000 0.164167 0.016000
0 0.082917 0.280000 0.164167 0.016000
0 0.082917 0.295500 0.164167 0.016333
0 0.082917 0.312000 0.164167 0.016000
0 0.082917 0.328000 0.164167 0.016000
0 0.082917 0.343500 0.164167 0.016333
0 0.082917 0.360000 0.164167 0.016000
0 0.082917 0.264000 0.164167 0.016000
0 0.082917 0.280000 0.164167 0.016000
0 0.082917 0.295500 0.164167 0.016333
0 0.082917 0.312000 0.164167 0.016000
0 0.082917 0.295500 0.164167 0.016333
0 0.082917 0.312000 0.164167 0.016000
0 0.082917 0.343500 0.164167 0.016333
0 0.082917 0.360000 0.164167 0.016000
0 0.082917 0.376000 0.164167 0.016000
0 0.082917 0.392000 0.164167 0.016000
0 0.082917 0.424000 0.164167 0.016000
0 0.082917 0.440000 0.164167 0.016000
0 0.082917 0.456000 0.164167 0.016000
0 0.082917 0.472000 0.164167 0.016000
0 0.082917 0.488000 0.164167 0.016000
0 0.082917 0.504000 0.164167 0.016000
0 0.082917 0.440000 0.164167 0.016000
0 0.082917 0.456000 0.164167 0.016000
0 0.082917 0.472000 0.164167 0.016000
0 0.082917 0.504000 0.164167 0.016000
0 0.082917 0.520000 0.164167 0.016000
0 0.082917 0.536000 0.164167 0.016000
0 0.082917 0.552000 0.164167 0.016000
0 0.082917 0.567667 0.164167 0.016000
0 0.082917 0.583500 0.164167 0.016333
0 0.082917 0.567667 0.164167 0.016000
0 0.082917 0.583500 0.164167 0.016333
0 0.082917 0.600000 0.164167 0.016000
0 0.082917 0.616000 0.164167 0.016000
0 0.082917 0.632000 0.164167 0.016000
0 0.082917 0.648000 0.164167 0.016000
0 0.082917 0.680000 0.164167 0.016000
0 0.082917 0.696000 0.164167 0.016000
0 0.082917 0.712000 0.164167 0.016000
0 0.082917 0.728000 0.164167 0.016000
0 0.082917 0.744000 0.164167 0.016000
0 0.082917 0.776000 0.164167 0.016000
0 0.082917 0.792000 0.164167 0.016000
0 0.082917 0.808000 0.164167 0.016000
0 0.082917 0.824000 0.164167 0.016000
0 0.082917 0.840000 0.164167 0.016000
0 0.082917 0.856000 0.164167 0.016000
0 0.082917 0.872000 0.164167 0.016000
0 0.082917 0.888000 0.164167 0.016000
10 0.204167 0.088333 0.036667 0.014667
10 0.250833 0.088167 0.035000 0.015000
10 0.296667 0.087667 0.038333 0.014000
10 0.343333 0.087833 0.035000 0.014333
10 0.390417 0.087833 0.035833 0.015000
10 0.436667 0.087667 0.033333 0.015333
10 0.202500 0.168333 0.036667 0.014000
10 0.393333 0.199667 0.415000 0.007333
10 0.395417 0.222167 0.419167 0.005667
10 0.396667 0.245333 0.418333 0.006667
10 0.377917 0.270500 0.382500 0.006333
15 0.204167 0.302500 0.035000 0.014333
10 0.395417 0.320000 0.417500 0.007333
10 0.204583 0.053167 0.050833 0.020333
