16 0.213333 0.052167 0.031667 0.007667
16 0.260417 0.052833 0.030833 0.008333
16 0.354583 0.052333 0.032500 0.008667
16 0.305417 0.052500 0.034167 0.008333
16 0.202500 0.091833 0.031667 0.007667
16 0.200417 0.104833 0.032500 0.008333
16 0.202083 0.117500 0.030833 0.008333
0 0.082917 0.024000 0.164167 0.016000
0 0.082917 0.040000 0.164167 0.016000
0 0.082917 0.056000 0.164167 0.016000
0 0.082917 0.071500 0.164167 0.015667
0 0.082917 0.087500 0.164167 0.016333
0 0.082917 0.103500 0.164167 0.015667
0 0.082917 0.119500 0.164167 0.016333
0 0.082917 0.136000 0.164167 0.016000
0 0.082917 0.151500 0.164167 0.016333
0 0.082917 0.168000 0.164167 0.016000
0 0.082917 0.184000 0.164167 0.016000
0 0.082917 0.200000 0.164167 0.016000
0 0.082917 0.216000 0.164167 0.016000
0 0.082917 0.216000 0.164167 0.016000
0 0.082917 0.232000 0.164167 0.016000
0 0.082917 0.248000 0.164167 0.016000
0 0.082917 0.264000 0.164167 0.016000
0 0.082917 0.248000 0.164167 0.016000
0 0.082917 0.264000 0.164167 0.016000
0 0.082917 0.280000 0.164167 0.016000
0 0.082917 0.295500 0.164167 0.016333
0 0.082917 0.312000 0.164167 0.016000
0 0.082917 0.328000 0.164167 0.016000
0 0.082917 0.343500 0.164167 0.016333
0 0.082917 0.360000 0.164167 0.016000
0 0.082917 0.264000 0.164167 0.016000
0 0.082917 0.280000 0.164167 0.016000
0 0.082917 0.295500 0.164167 0.016333
0 0.082917 0.312000 0.164167 0.016000
0 0.082917 0.295500 0.164167 0.016333
0 0.082917 0.312000 0.164167 0.016000
0 0.082917 0.343500 0.164167 0.016333
0 0.082917 0.360000 0.164167 0.016000
0 0.082917 0.376000 0.164167 0.016000
0 0.082917 0.392000 0.164167 0.016000
0 0.082917 0.424000 0.164167 0.016000
0 0.082917 0.440000 0.164167 0.016000
0 0.082917 0.456000 0.164167 0.016000
0 0.082917 0.472000 0.164167 0.016000
0 0.082917 0.488000 0.164167 0.016000
0 0.082917 0.504000 0.164167 0.016000
0 0.082917 0.440000 0.164167 0.016000
0 0.082917 0.456000 0.164167 0.016000
0 0.082917 0.472000 0.164167 0.016000
0 0.082917 0.504000 0.164167 0.016000
0 0.082917 0.520000 0.164167 0.016000
0 0.082917 0.536000 0.164167 0.016000
0 0.082917 0.552000 0.164167 0.016000
0 0.082917 0.567667 0.164167 0.016000
0 0.082917 0.583500 0.164167 0.016333
0 0.082917 0.567667 0.164167 0.016000
0 0.082917 0.583500 0.164167 0.016333
0 0.082917 0.600000 0.164167 0.016000
0 0.082917 0.616000 0.164167 0.016000
0 0.082917 0.632000 0.164167 0.016000
0 0.082917 0.648000 0.164167 0.016000
0 0.082917 0.680000 0.164167 0.016000
0 0.082917 0.696000 0.164167 0.016000
0 0.082917 0.712000 0.164167 0.016000
0 0.082917 0.728000 0.164167 0.016000
0 0.082917 0.744000 0.164167 0.016000
0 0.082917 0.776000 0.164167 0.016000
0 0.082917 0.792000 0.164167 0.016000
0 0.082917 0.808000 0.164167 0.016000
0 0.082917 0.824000 0.164167 0.016000
0 0.082917 0.840000 0.164167 0.016000
0 0.082917 0.856000 0.164167 0.016000
0 0.082917 0.872000 0.164167 0.016000
0 0.082917 0.888000 0.164167 0.016000
16 0.404583 0.052667 0.032500 0.007333
16 0.453750 0.052833 0.029167 0.007667
16 0.257083 0.092500 0.062500 0.005667
16 0.264583 0.104333 0.079167 0.007333
16 0.269583 0.118000 0.087500 0.006000
