0 0.244583 0.302667 0.117500 0.012000
0 0.083333 0.024000 0.165000 0.016000
0 0.083333 0.040000 0.165000 0.016000
0 0.083333 0.056000 0.165000 0.016000
0 0.083333 0.071833 0.165000 0.015667
0 0.083333 0.087833 0.165000 0.016333
0 0.083333 0.103833 0.165000 0.015667
0 0.083333 0.119833 0.165000 0.016333
0 0.083333 0.136000 0.165000 0.016000
0 0.083333 0.151833 0.165000 0.016333
0 0.083333 0.168000 0.165000 0.016000
0 0.083333 0.184000 0.165000 0.016000
0 0.083333 0.200000 0.165000 0.016000
0 0.083333 0.216000 0.165000 0.016000
0 0.083333 0.216000 0.165000 0.016000
0 0.083333 0.232000 0.165000 0.016000
0 0.083333 0.248000 0.165000 0.016000
0 0.083333 0.264000 0.165000 0.016000
0 0.083333 0.248000 0.165000 0.016000
0 0.083333 0.264000 0.165000 0.016000
0 0.083333 0.280000 0.165000 0.016000
0 0.083333 0.295833 0.165000 0.016333
0 0.083333 0.312000 0.165000 0.016000
0 0.083333 0.328000 0.165000 0.016000
0 0.083333 0.343833 0.165000 0.016333
0 0.083333 0.360000 0.165000 0.016000
0 0.083333 0.264000 0.165000 0.016000
0 0.083333 0.280000 0.165000 0.016000
0 0.083333 0.295833 0.165000 0.016333
0 0.083333 0.312000 0.165000 0.016000
0 0.083333 0.295833 0.165000 0.016333
0 0.083333 0.312000 0.165000 0.016000
0 0.083333 0.343833 0.165000 0.016333
0 0.083333 0.360000 0.165000 0.016000
0 0.083333 0.376000 0.165000 0.016000
0 0.083333 0.392000 0.165000 0.016000
0 0.083333 0.424000 0.165000 0.016000
0 0.083333 0.440000 0.165000 0.016000
0 0.083333 0.456000 0.165000 0.016000
0 0.083333 0.472000 0.165000 0.016000
0 0.083333 0.488000 0.165000 0.016000
0 0.083333 0.504000 0.165000 0.016000
0 0.083333 0.440000 0.165000 0.016000
0 0.083333 0.456000 0.165000 0.016000
0 0.083333 0.472000 0.165000 0.016000
0 0.083333 0.504000 0.165000 0.016000
0 0.083333 0.520000 0.165000 0.016000
0 0.083333 0.536000 0.165000 0.016000
0 0.083333 0.552000 0.165000 0.016000
0 0.083333 0.567667 0.165000 0.016000
0 0.083333 0.583833 0.165000 0.016333
0 0.083333 0.567667 0.165000 0.016000
0 0.083333 0.583833 0.165000 0.016333
0 0.083333 0.600000 0.165000 0.016000
0 0.083333 0.616000 0.165000 0.016000
0 0.083333 0.632000 0.165000 0.016000
0 0.083333 0.648000 0.165000 0.016000
0 0.083333 0.680000 0.165000 0.016000
0 0.083333 0.696000 0.165000 0.016000
0 0.083333 0.712000 0.165000 0.016000
0 0.083333 0.728000 0.165000 0.016000
0 0.083333 0.744000 0.165000 0.016000
0 0.083333 0.776000 0.165000 0.016000
0 0.083333 0.792000 0.165000 0.016000
0 0.083333 0.808000 0.165000 0.016000
0 0.083333 0.824000 0.165000 0.016000
0 0.083333 0.840000 0.165000 0.016000
0 0.083333 0.856000 0.165000 0.016000
0 0.083333 0.872000 0.165000 0.016000
0 0.083333 0.888000 0.165000 0.016000
4 0.255000 0.059333 0.125000 0.010667
5 0.255000 0.102333 0.125000 0.010667
4 0.255000 0.224000 0.125000 0.010667
4 0.356667 0.267000 0.100000 0.010667
4 0.242500 0.322000 0.100000 0.010667
4 0.242917 0.146000 0.100833 0.010667
4 0.372917 0.145833 0.129167 0.011000
4 0.510417 0.145333 0.120833 0.010000
4 0.634583 0.145167 0.100833 0.009667
4 0.745417 0.145167 0.100833 0.010333
4 0.860417 0.145167 0.100833 0.011000
4 0.242083 0.173833 0.102500 0.011000
4 0.356250 0.174000 0.100833 0.010667
4 0.470833 0.174000 0.098333 0.011333
4 0.584167 0.172833 0.091667 0.012333
4 0.695833 0.172833 0.093333 0.013667
4 0.241667 0.266667 0.100000 0.012000
