0 0.525488 0.054724 0.050612 0.012
0 0.576543 0.054724 0.053164 0.012
0 0.634382 0.054724 0.06418 0.012
0 0.225423 0.105839 0.06418 0.012333
0 0.225423 0.118172 0.06418 0.012333
0 0.225423 0.130339 0.06418 0.012
0 0.565 0.16662 0.146615 0.012
0 0.656641 0.16662 0.036667 0.012
0 0.083333 0.024 0.166667 0.016
0 0.083333 0.04 0.166667 0.016
0 0.083333 0.056 0.166667 0.016
0 0.083333 0.072 0.166667 0.016
0 0.083333 0.088 0.166667 0.016
0 0.083333 0.104 0.166667 0.016
0 0.083333 0.12 0.166667 0.016
0 0.083333 0.136 0.166667 0.016
0 0.083333 0.152 0.166667 0.016
0 0.083333 0.168 0.166667 0.016
0 0.083333 0.184 0.166667 0.016
0 0.083333 0.2 0.166667 0.016
0 0.083333 0.216 0.166667 0.016
0 0.083333 0.216 0.166667 0.016
0 0.083333 0.232 0.166667 0.016
0 0.083333 0.248 0.166667 0.016
0 0.083333 0.264 0.166667 0.016
0 0.083333 0.248 0.166667 0.016
0 0.083333 0.264 0.166667 0.016
0 0.083333 0.28 0.166667 0.016
0 0.083333 0.296 0.166667 0.016
0 0.083333 0.312 0.166667 0.016
0 0.083333 0.328 0.166667 0.016
0 0.083333 0.344 0.166667 0.016
0 0.083333 0.36 0.166667 0.016
0 0.083333 0.264 0.166667 0.016
0 0.083333 0.28 0.166667 0.016
0 0.083333 0.296 0.166667 0.016
0 0.083333 0.312 0.166667 0.016
0 0.083333 0.296 0.166667 0.016
0 0.083333 0.312 0.166667 0.016
0 0.083333 0.344 0.166667 0.016
0 0.083333 0.36 0.166667 0.016
0 0.083333 0.376 0.166667 0.016
0 0.083333 0.392 0.166667 0.016
0 0.083333 0.424 0.166667 0.016
0 0.083333 0.44 0.166667 0.016
0 0.083333 0.456 0.166667 0.016
0 0.083333 0.472 0.166667 0.016
0 0.083333 0.488 0.166667 0.016
0 0.083333 0.504 0.166667 0.016
0 0.083333 0.44 0.166667 0.016
0 0.083333 0.456 0.166667 0.016
0 0.083333 0.472 0.166667 0.016
0 0.083333 0.504 0.166667 0.016
0 0.083333 0.52 0.166667 0.016
0 0.083333 0.536 0.166667 0.016
0 0.083333 0.552 0.166667 0.016
0 0.083333 0.568 0.166667 0.016
0 0.083333 0.584 0.166667 0.016
0 0.083333 0.568 0.166667 0.016
0 0.083333 0.584 0.166667 0.016
0 0.083333 0.6 0.166667 0.016
0 0.083333 0.616 0.166667 0.016
0 0.083333 0.632 0.166667 0.016
0 0.083333 0.648 0.166667 0.016
0 0.083333 0.68 0.166667 0.016
0 0.083333 0.696 0.166667 0.016
0 0.083333 0.712 0.166667 0.016
0 0.083333 0.728 0.166667 0.016
0 0.083333 0.744 0.166667 0.016
0 0.083333 0.776 0.166667 0.016
0 0.083333 0.792 0.166667 0.016
0 0.083333 0.808 0.166667 0.016
0 0.083333 0.824 0.166667 0.016
0 0.083333 0.84 0.166667 0.016
0 0.083333 0.856 0.166667 0.016
0 0.083333 0.872 0.166667 0.016
0 0.083333 0.888 0.166667 0.016
