1 0.051667 0.037736 0.070000 0.037736
1 0.130000 0.041105 0.065000 0.030997
1 0.214583 0.040431 0.044167 0.078167
1 0.287500 0.040431 0.100000 0.078167
1 0.377500 0.041105 0.078333 0.079515
1 0.475833 0.042453 0.118333 0.076819
1 0.916250 0.041105 0.112500 0.079515
1 0.983750 0.038410 0.019167 0.022911
5 0.224167 0.208221 0.028333 0.030997
5 0.286250 0.208221 0.027500 0.028302
5 0.350000 0.208221 0.030000 0.028302
5 0.410833 0.208221 0.028333 0.028302
5 0.412083 0.241240 0.030833 0.026954
5 0.348333 0.242588 0.026667 0.026954
5 0.287083 0.242588 0.029167 0.026954
5 0.223750 0.242588 0.029167 0.032345
4 0.609583 0.208221 0.079167 0.030997
4 0.609167 0.245283 0.078333 0.029650
4 0.609167 0.280323 0.078333 0.029650
4 0.608750 0.315364 0.079167 0.029650
14 0.306667 0.449461 0.215000 0.047170
14 0.307083 0.566712 0.214167 0.049865
14 0.547500 0.448787 0.215000 0.045822
0 0.621250 0.535040 0.067500 0.045822
1 0.084167 0.108491 0.166667 0.055256
1 0.084167 0.165768 0.166667 0.059299
1 0.085000 0.221698 0.168333 0.049865
1 0.084583 0.274933 0.167500 0.053908
1 0.084583 0.328167 0.167500 0.057951
0 0.420833 0.314016 0.080000 0.048518
1 0.890000 0.958895 0.030000 0.022911
1 0.956250 0.956873 0.059167 0.021563
0 0.842500 0.039084 0.018333 0.029650
