1 0.052500 0.004694 0.075000 0.004447
1 0.131250 0.004941 0.067500 0.004282
1 0.211250 0.004776 0.052500 0.009223
1 0.287083 0.004941 0.102500 0.009552
1 0.377083 0.004776 0.077500 0.009223
1 0.475000 0.004941 0.115000 0.009552
1 0.917917 0.004941 0.107500 0.009552
1 0.982500 0.004941 0.015000 0.003953
1 0.084167 0.013011 0.166667 0.006917
1 0.084167 0.019763 0.166667 0.006258
1 0.084167 0.026186 0.166667 0.007576
1 0.082917 0.033103 0.164167 0.005929
1 0.082917 0.039773 0.164167 0.006752
1 0.082917 0.046196 0.164167 0.005435
1 0.082917 0.052207 0.164167 0.006258
1 0.082917 0.058630 0.164167 0.006917
1 0.082917 0.065053 0.164167 0.005929
1 0.082917 0.071229 0.164167 0.006094
1 0.082917 0.076993 0.164167 0.005764
1 0.082917 0.083416 0.164167 0.006094
1 0.620000 0.070076 0.250000 0.004117
1 0.671667 0.074605 0.348333 0.003623
1 0.606667 0.149045 0.218333 0.003294
1 0.656667 0.153574 0.316667 0.003788
1 0.651667 0.196064 0.310000 0.003129
1 0.677500 0.200511 0.360000 0.002800
1 0.624167 0.262352 0.256667 0.002306
1 0.671250 0.267128 0.347500 0.001976
1 0.641250 0.318429 0.292500 0.003129
1 0.676250 0.323205 0.357500 0.003129
1 0.613750 0.360343 0.232500 0.002964
1 0.664167 0.365366 0.330000 0.002800
1 0.617917 0.398304 0.240833 0.003458
1 0.665000 0.402833 0.340000 0.003294
1 0.640000 0.449358 0.285000 0.003129
1 0.667500 0.453887 0.340000 0.002964
1 0.640000 0.505188 0.285000 0.001812
1 0.667917 0.509470 0.337500 0.002470
1 0.621667 0.551960 0.248333 0.002800
1 0.670000 0.556242 0.345000 0.002800
1 0.655417 0.590086 0.314167 0.002964
1 0.691250 0.594368 0.387500 0.002964
1 0.656667 0.631835 0.316667 0.002800
1 0.692500 0.636858 0.390000 0.002635
1 0.645417 0.683136 0.295833 0.003294
1 0.684167 0.688159 0.368333 0.002800
1 0.643750 0.720850 0.292500 0.003294
1 0.681667 0.725379 0.368333 0.002800
1 0.643750 0.758729 0.297500 0.003953
1 0.685417 0.763011 0.375833 0.003294
1 0.624167 0.786644 0.251667 0.003788
1 0.676667 0.791173 0.351667 0.003623
1 0.649167 0.838686 0.301667 0.003788
1 0.686667 0.842968 0.375000 0.003788
1 0.666250 0.867260 0.342500 0.003294
1 0.703750 0.871542 0.412500 0.002635
1 0.641250 0.895669 0.292500 0.003129
1 0.679583 0.899704 0.367500 0.002964
1 0.643750 0.923831 0.297500 0.002470
1 0.682917 0.928113 0.369167 0.003458
1 0.649583 0.951993 0.307500 0.003129
1 0.688333 0.956522 0.383333 0.002964
13 0.325000 0.949358 0.250000 0.003458
11 0.312083 0.917408 0.112500 0.004117
11 0.312917 0.890399 0.057500 0.006752
11 0.340417 0.861825 0.144167 0.006258
11 0.262083 0.837533 0.127500 0.006423
11 0.318333 0.805336 0.110000 0.006917
10 0.337917 0.774951 0.120833 0.003458
17 0.240000 0.764246 0.085000 0.002800
17 0.262083 0.758976 0.082500 0.003788
2 0.317917 0.752059 0.129167 0.003458
12 0.217083 0.714345 0.037500 0.003788
12 0.217917 0.709816 0.037500 0.003953
5 0.221250 0.676960 0.047500 0.002800
5 0.223750 0.680995 0.052500 0.002635
5 0.220833 0.685277 0.045000 0.002964
5 0.225833 0.689806 0.055000 0.002470
2 0.262500 0.545043 0.128333 0.003788
14 0.327917 0.495142 0.060833 0.005105
14 0.299167 0.442688 0.058333 0.012516
14 0.370417 0.387105 0.065833 0.003788
14 0.303333 0.386858 0.065000 0.003294
11 0.237917 0.311018 0.074167 0.004117
11 0.237917 0.314806 0.077500 0.003458
6 0.255833 0.266387 0.115000 0.006752
6 0.290417 0.257576 0.180833 0.009223
2 0.327500 0.188818 0.126667 0.004117
2 0.335000 0.184783 0.130000 0.004282
1 0.225417 0.142540 0.055833 0.003129
0 0.255000 0.125906 0.110000 0.005764
0 0.256250 0.117507 0.112500 0.005435
0 0.262500 0.108943 0.128333 0.006094
0 0.265833 0.100132 0.135000 0.005599
0 0.255000 0.091486 0.113333 0.005435
0 0.271667 0.079875 0.143333 0.004941
0 0.267500 0.071229 0.135000 0.005764
0 0.841250 0.004694 0.022500 0.004117
1 0.247500 0.318347 0.095000 0.002635
1 0.641250 0.810030 0.292500 0.003458
1 0.671250 0.815300 0.342500 0.002800
1 0.888333 0.994895 0.030000 0.002306
1 0.956667 0.994977 0.055000 0.002141
1 0.082917 0.089592 0.164167 0.006588
4 0.279167 0.583169 0.158333 0.002964
4 0.237917 0.625165 0.075833 0.002635
4 0.225000 0.629694 0.050000 0.001812
4 0.233750 0.634223 0.067500 0.002635
4 0.227500 0.638258 0.055000 0.002470
4 0.232500 0.642540 0.065000 0.003129
