0 0.907514 0.016092 0.022070 0.014629
0 0.783762 0.043726 0.059380 0.016580
0 0.834997 0.043401 0.040988 0.014629
0 0.678665 0.134428 0.025749 0.016580
1 0.830531 0.015930 0.085654 0.013004
1 0.110615 0.043888 0.071992 0.017555
1 0.186548 0.043888 0.045192 0.017555
1 0.237782 0.043075 0.050972 0.015930
1 0.283237 0.043075 0.027325 0.015930
1 0.321335 0.043075 0.037310 0.015930
1 0.362060 0.043075 0.031529 0.015930
1 0.395954 0.043075 0.024698 0.015930
1 0.427483 0.043075 0.025749 0.015930
1 0.487388 0.043726 0.065686 0.010078
1 0.888597 0.043563 0.054651 0.015605
1 0.107462 0.059818 0.065686 0.013004
1 0.169207 0.059818 0.053600 0.013004
1 0.223332 0.059818 0.050447 0.013004
1 0.277194 0.059818 0.054125 0.013004
1 0.333946 0.059818 0.056227 0.013004
1 0.399895 0.059818 0.071466 0.013004
1 0.461902 0.059818 0.049396 0.013004
1 0.523121 0.059818 0.068839 0.013004
1 0.159748 0.203836 0.059905 0.027308
1 0.234367 0.203836 0.059905 0.027308
1 0.308723 0.203836 0.059380 0.027308
1 0.383342 0.203836 0.059380 0.027308
1 0.457961 0.203836 0.059380 0.027308
1 0.532580 0.203836 0.059380 0.027308
1 0.607199 0.203836 0.059380 0.027308
1 0.681818 0.203836 0.059380 0.027308
1 0.756437 0.203836 0.059380 0.027308
1 0.831056 0.203836 0.059380 0.027308
1 0.495008 0.233745 0.746190 0.005202
1 0.152916 0.276333 0.062007 0.006502
1 0.142932 0.287711 0.040988 0.006502
1 0.191540 0.299090 0.139254 0.006502
1 0.175250 0.310468 0.105623 0.006502
1 0.170257 0.322172 0.095638 0.005852
1 0.347084 0.276333 0.068839 0.006502
1 0.355229 0.287711 0.085129 0.006502
1 0.355491 0.299090 0.085654 0.006502
1 0.344982 0.310468 0.064635 0.006502
1 0.356542 0.322172 0.087756 0.005852
1 0.528376 0.276333 0.050972 0.006502
1 0.539411 0.287711 0.073043 0.006502
1 0.543878 0.299090 0.081976 0.006502
1 0.536259 0.310468 0.066737 0.006502
1 0.556490 0.322172 0.107199 0.005852
1 0.728324 0.276333 0.069364 0.006502
1 0.735155 0.287711 0.083027 0.006502
1 0.761955 0.299090 0.136626 0.006502
1 0.766684 0.310468 0.146085 0.006502
1 0.719390 0.322172 0.051498 0.005852
1 0.227273 0.421977 0.209669 0.005852
1 0.193642 0.436118 0.143458 0.012679
1 0.209669 0.583225 0.174461 0.004551
1 0.189438 0.593953 0.135050 0.005852
1 0.399895 0.583225 0.174461 0.004551
1 0.389385 0.593953 0.153442 0.005852
1 0.590384 0.582900 0.174987 0.004551
1 0.550184 0.593628 0.094587 0.005852
1 0.780872 0.583225 0.174461 0.004551
1 0.728324 0.593953 0.069364 0.005852
1 0.209669 0.682705 0.174461 0.004551
1 0.174461 0.693433 0.104046 0.005852
1 0.399895 0.682705 0.174461 0.004551
1 0.347084 0.693433 0.068839 0.005852
1 0.590384 0.682705 0.174987 0.004551
1 0.545455 0.693433 0.085129 0.005852
1 0.780872 0.682705 0.174461 0.004551
1 0.737520 0.693433 0.087756 0.005852
1 0.300841 0.776008 0.356805 0.004551
1 0.548607 0.802341 0.039937 0.005852
1 0.241461 0.873049 0.054125 0.005527
1 0.495271 0.873049 0.087756 0.005527
1 0.748818 0.873049 0.097740 0.005527
1 0.090646 0.917588 0.031004 0.004876
1 0.098266 0.927991 0.047294 0.004876
1 0.091697 0.938394 0.034157 0.004876
1 0.091172 0.948797 0.032055 0.004876
1 0.094062 0.959200 0.037835 0.004876
1 0.092223 0.969603 0.035208 0.004876
1 0.097215 0.980007 0.045192 0.004876
1 0.089333 0.990410 0.028376 0.004876
1 0.240673 0.917588 0.038886 0.004876
1 0.243563 0.927991 0.044666 0.004876
1 0.251445 0.938394 0.060431 0.004876
1 0.230951 0.948797 0.019443 0.004876
1 0.239622 0.959200 0.036784 0.004876
1 0.260378 0.969603 0.078297 0.004876
1 0.251971 0.980007 0.061482 0.004876
1 0.233579 0.990410 0.024698 0.004876
1 0.390173 0.917588 0.057278 0.004876
1 0.385181 0.927991 0.047294 0.004876
1 0.389122 0.938394 0.055176 0.004876
1 0.398056 0.948797 0.073043 0.004876
1 0.398318 0.959200 0.073568 0.004876
1 0.502365 0.917588 0.014714 0.004876
1 0.509196 0.927991 0.028376 0.004876
1 0.509984 0.938394 0.029953 0.004876
1 0.511035 0.948797 0.032055 0.004876
1 0.508933 0.959200 0.027851 0.004876
1 0.513925 0.969603 0.037835 0.004876
1 0.516816 0.980007 0.043615 0.004876
1 0.502102 0.990410 0.014188 0.004876
1 0.671046 0.917588 0.058854 0.004876
1 0.668418 0.927991 0.053600 0.004876
1 0.663952 0.938394 0.044666 0.004876
1 0.679191 0.948797 0.075145 0.004876
1 0.654493 0.959200 0.025749 0.004876
1 0.664214 0.969603 0.045192 0.004876
1 0.663689 0.980007 0.044141 0.004876
1 0.791382 0.917588 0.018917 0.004876
1 0.802680 0.927991 0.041513 0.004876
1 0.801366 0.938394 0.038886 0.004876
1 0.806884 0.948797 0.049921 0.004876
1 0.793221 0.959200 0.022596 0.004876
1 0.810562 0.969603 0.057278 0.004876
1 0.797162 0.980007 0.030478 0.004876
1 0.791908 0.990410 0.019968 0.004876
8 0.688650 0.404584 0.355754 0.125163
2 0.482133 0.133778 0.366264 0.017230
