7 0.129427 0.039261 0.0 0.0
7 0.129427 0.041652 0.0 0.0
7 0.129427 0.044043 0.0 0.0
7 0.129427 0.046304 0.0 0.0
5 0.2125 0.050478 0.006771 0.00113
5 0.2125 0.054304 0.006771 0.00113
5 0.133333 0.074652 0.006771 0.00113
5 0.133333 0.077087 0.006771 0.00113
5 0.133333 0.079522 0.006771 0.00113
5 0.133333 0.081957 0.006771 0.00113
5 0.133333 0.084391 0.006771 0.00113
5 0.2125 0.090478 0.006771 0.00113
5 0.2125 0.094304 0.006771 0.00113
5 0.2125 0.09987 0.006771 0.00113
5 0.2125 0.105435 0.006771 0.00113
5 0.133333 0.112565 0.006771 0.00113
5 0.133333 0.115 0.006771 0.00113
5 0.133333 0.117435 0.006771 0.00113
5 0.133333 0.125087 0.006771 0.00113
5 0.133333 0.127522 0.006771 0.00113
5 0.133333 0.129957 0.006771 0.00113
5 0.133333 0.132391 0.006771 0.00113
5 0.133333 0.134826 0.006771 0.00113
5 0.133333 0.144217 0.006771 0.00113
5 0.133333 0.146652 0.006771 0.00113
5 0.133333 0.149087 0.006771 0.00113
5 0.133333 0.151522 0.006771 0.00113
5 0.133333 0.153957 0.006771 0.00113
5 0.133333 0.199522 0.006771 0.00113
5 0.133333 0.201957 0.006771 0.00113
5 0.133333 0.204391 0.006771 0.00113
5 0.133333 0.206826 0.006771 0.00113
5 0.133333 0.209261 0.006771 0.00113
5 0.133333 0.220391 0.006771 0.00113
5 0.133333 0.222826 0.006771 0.00113
5 0.133333 0.225261 0.006771 0.00113
5 0.133333 0.227696 0.006771 0.00113
5 0.133333 0.23013 0.006771 0.00113
5 0.133333 0.252739 0.006771 0.00113
5 0.133333 0.256913 0.006771 0.00113
5 0.133333 0.259348 0.006771 0.00113
5 0.133333 0.268913 0.006771 0.00113
5 0.133333 0.271348 0.006771 0.00113
5 0.133333 0.273783 0.006771 0.00113
5 0.133333 0.276217 0.006771 0.00113
5 0.133333 0.278652 0.006771 0.00113
5 0.133333 0.28787 0.006771 0.00113
5 0.133333 0.290304 0.006771 0.00113
5 0.133333 0.292739 0.006771 0.00113
5 0.133333 0.295174 0.006771 0.00113
5 0.133333 0.297609 0.006771 0.00113
5 0.133333 0.307 0.006771 0.00113
5 0.133333 0.309435 0.006771 0.00113
5 0.133333 0.317087 0.006771 0.00113
5 0.133333 0.319522 0.006771 0.00113
5 0.133333 0.321957 0.006771 0.00113
5 0.133333 0.324391 0.006771 0.00113
5 0.133333 0.326826 0.006771 0.00113
5 0.133333 0.336217 0.006771 0.00113
5 0.133333 0.338652 0.006771 0.00113
5 0.133333 0.346304 0.006771 0.00113
5 0.133333 0.348739 0.006771 0.00113
5 0.133333 0.351174 0.006771 0.00113
5 0.133333 0.353609 0.006771 0.00113
5 0.133333 0.356043 0.006771 0.00113
5 0.133333 0.365435 0.006771 0.00113
5 0.133333 0.36787 0.006771 0.00113
5 0.133333 0.370304 0.006771 0.00113
5 0.133333 0.372739 0.006771 0.00113
5 0.133333 0.375174 0.006771 0.00113
5 0.133333 0.384565 0.006771 0.00113
5 0.133333 0.387 0.006771 0.00113
5 0.133333 0.396391 0.006771 0.00113
5 0.133333 0.398826 0.006771 0.00113
5 0.133333 0.401261 0.006771 0.00113
5 0.133333 0.403696 0.006771 0.00113
5 0.133333 0.40613 0.006771 0.00113
5 0.133333 0.417261 0.006771 0.00113
5 0.133333 0.419696 0.006771 0.00113
5 0.133333 0.42213 0.006771 0.00113
5 0.133333 0.424565 0.006771 0.00113
5 0.133333 0.427 0.006771 0.00113
5 0.133333 0.436391 0.006771 0.00113
5 0.133333 0.438826 0.006771 0.00113
5 0.133333 0.441261 0.006771 0.00113
5 0.133333 0.443696 0.006771 0.00113
5 0.133333 0.44787 0.006771 0.00113
5 0.133333 0.457261 0.006771 0.00113
5 0.133333 0.459696 0.006771 0.00113
5 0.133333 0.46213 0.006771 0.00113
5 0.133333 0.469783 0.006771 0.00113
5 0.133333 0.472217 0.006771 0.00113
5 0.133333 0.47987 0.006771 0.00113
5 0.133333 0.482304 0.006771 0.00113
5 0.133333 0.484739 0.006771 0.00113
5 0.133333 0.487174 0.006771 0.00113
5 0.133333 0.489609 0.006771 0.00113
5 0.133333 0.499 0.006771 0.00113
5 0.133333 0.501435 0.006771 0.00113
5 0.133333 0.50387 0.006771 0.00113
5 0.133333 0.506304 0.006771 0.00113
5 0.133333 0.508739 0.006771 0.00113
5 0.133333 0.51813 0.006771 0.00113
5 0.133333 0.520565 0.006771 0.00113
5 0.133333 0.523 0.006771 0.00113
5 0.133333 0.525435 0.006771 0.00113
5 0.133333 0.52787 0.006771 0.00113
4 0.309635 0.02313 0.119792 0.001565
3 0.473043 0.005565 0.27006 0.00313
0 0.158732 0.001391 0.063818 0.001391
0 0.244531 0.005565 0.0625 0.003478
0 0.644531 0.005565 0.039583 0.003478
0 0.176302 0.53487 0.098958 0.003478
0 0.313928 0.027304 0.140877 0.002783
0 0.853841 0.032522 0.0125 0.002087
0 0.746566 0.048 0.0625 0.003478
0 0.792399 0.048 0.020833 0.003478
0 0.853841 0.055826 0.0125 0.002087
0 0.746566 0.071304 0.0625 0.003478
0 0.792399 0.071304 0.020833 0.003478
0 0.853841 0.07913 0.0125 0.002087
0 0.746566 0.094609 0.0625 0.003478
0 0.792399 0.094609 0.020833 0.003478
0 0.853841 0.102435 0.0125 0.002087
0 0.746566 0.117913 0.0625 0.003478
0 0.792399 0.117913 0.020833 0.003478
0 0.853841 0.125739 0.0125 0.002087
0 0.746566 0.141217 0.0625 0.003478
0 0.792399 0.141217 0.020833 0.003478
0 0.853841 0.149043 0.0125 0.002087
0 0.746566 0.164522 0.0625 0.003478
0 0.792399 0.164522 0.020833 0.003478
0 0.853841 0.172348 0.0125 0.002087
0 0.746566 0.187826 0.0625 0.003478
0 0.792399 0.187826 0.020833 0.003478
0 0.853841 0.195652 0.0125 0.002087
0 0.746566 0.21113 0.0625 0.003478
0 0.792399 0.21113 0.020833 0.003478
0 0.853841 0.218957 0.0125 0.002087
0 0.746566 0.234435 0.0625 0.003478
0 0.792399 0.234435 0.020833 0.003478
0 0.853841 0.242261 0.0125 0.002087
0 0.746566 0.257739 0.0625 0.003478
0 0.792399 0.257739 0.020833 0.003478
0 0.853841 0.265565 0.0125 0.002087
0 0.746566 0.281043 0.0625 0.003478
0 0.792399 0.281043 0.020833 0.003478
0 0.853841 0.28887 0.0125 0.002087
0 0.746566 0.304348 0.0625 0.003478
0 0.792399 0.304348 0.020833 0.003478
0 0.853841 0.312174 0.0125 0.002087
0 0.746566 0.327652 0.0625 0.003478
0 0.792399 0.327652 0.020833 0.003478
0 0.853841 0.335478 0.0125 0.002087
0 0.746566 0.350957 0.0625 0.003478
0 0.792399 0.350957 0.020833 0.003478
0 0.853841 0.358783 0.0125 0.002087
0 0.746566 0.374261 0.0625 0.003478
0 0.792399 0.374261 0.020833 0.003478
0 0.853841 0.382087 0.0125 0.002087
0 0.746566 0.397565 0.0625 0.003478
0 0.792399 0.397565 0.020833 0.003478
0 0.853841 0.405391 0.0125 0.002087
0 0.746566 0.42087 0.0625 0.003478
0 0.792399 0.42087 0.020833 0.003478
0 0.853841 0.428696 0.0125 0.002087
0 0.746566 0.444174 0.0625 0.003478
0 0.792399 0.444174 0.020833 0.003478
0 0.853841 0.452 0.0125 0.002087
0 0.746566 0.467478 0.0625 0.003478
0 0.792399 0.467478 0.020833 0.003478
0 0.853841 0.475304 0.0125 0.002087
0 0.746566 0.490783 0.0625 0.003478
0 0.792399 0.490783 0.020833 0.003478
0 0.853841 0.498609 0.0125 0.002087
0 0.746566 0.514087 0.0625 0.003478
0 0.792399 0.514087 0.020833 0.003478
0 0.853841 0.521913 0.0125 0.002087
0 0.746566 0.537391 0.0625 0.003478
0 0.792399 0.537391 0.020833 0.003478
0 0.853841 0.545217 0.0125 0.002087
0 0.746566 0.560696 0.0625 0.003478
0 0.792399 0.560696 0.020833 0.003478
0 0.853841 0.568522 0.0125 0.002087
0 0.746566 0.584 0.0625 0.003478
0 0.792399 0.584 0.020833 0.003478
0 0.853841 0.591826 0.0125 0.002087
0 0.746566 0.607304 0.0625 0.003478
0 0.792399 0.607304 0.020833 0.003478
0 0.853841 0.61513 0.0125 0.002087
0 0.746566 0.630609 0.0625 0.003478
0 0.792399 0.630609 0.020833 0.003478
0 0.853841 0.638435 0.0125 0.002087
0 0.746566 0.653913 0.0625 0.003478
0 0.792399 0.653913 0.020833 0.003478
0 0.853841 0.661739 0.0125 0.002087
0 0.746566 0.677217 0.0625 0.003478
0 0.792399 0.677217 0.020833 0.003478
0 0.853841 0.685043 0.0125 0.002087
0 0.746566 0.700522 0.0625 0.003478
0 0.792399 0.700522 0.020833 0.003478
0 0.853841 0.708348 0.0125 0.002087
0 0.746566 0.723826 0.0625 0.003478
0 0.792399 0.723826 0.020833 0.003478
0 0.853841 0.731652 0.0125 0.002087
0 0.746566 0.74713 0.0625 0.003478
0 0.792399 0.74713 0.020833 0.003478
0 0.853841 0.754957 0.0125 0.002087
0 0.746566 0.770435 0.0625 0.003478
0 0.792399 0.770435 0.020833 0.003478
0 0.853841 0.778261 0.0125 0.002087
0 0.746566 0.793739 0.0625 0.003478
0 0.792399 0.793739 0.020833 0.003478
0 0.853841 0.801565 0.0125 0.002087
0 0.746566 0.817043 0.0625 0.003478
0 0.792399 0.817043 0.020833 0.003478
0 0.853841 0.82487 0.0125 0.002087
0 0.746566 0.840348 0.0625 0.003478
0 0.792399 0.840348 0.020833 0.003478
0 0.853841 0.848174 0.0125 0.002087
0 0.746566 0.863652 0.0625 0.003478
0 0.792399 0.863652 0.020833 0.003478
0 0.839323 0.872522 0.05 0.002783
0 0.326123 0.886261 0.0125 0.002087
0 0.26849 0.915057 0.05 0.002783
0 0.30599 0.915014 0.016667 0.002783
0 0.431673 0.886261 0.0125 0.002087
0 0.37404 0.915057 0.05 0.002783
0 0.41154 0.915014 0.016667 0.002783
0 0.537223 0.886261 0.0125 0.002087
0 0.47959 0.915057 0.05 0.002783
0 0.51709 0.915014 0.016667 0.002783
0 0.642773 0.886261 0.0125 0.002087
0 0.58514 0.915057 0.05 0.002783
0 0.62264 0.915014 0.016667 0.002783
0 0.748324 0.886261 0.0125 0.002087
0 0.69069 0.915057 0.05 0.002783
0 0.72819 0.915014 0.016667 0.002783
0 0.853874 0.886261 0.0125 0.002087
0 0.79624 0.915057 0.05 0.002783
0 0.83374 0.915014 0.016667 0.002783
1 0.296476 0.001391 0.077979 0.001391
1 0.381099 0.001391 0.074601 0.001391
1 0.464799 0.001391 0.076131 0.001391
1 0.542362 0.001391 0.062329 0.001391
1 0.621851 0.001391 0.07998 0.001391
1 0.693014 0.001391 0.045679 0.001391
1 0.740617 0.001391 0.032861 0.001391
1 0.777962 0.001391 0.025163 0.001391
1 0.830558 0.001391 0.063363 0.001391
1 0.160156 0.005565 0.066667 0.003478
1 0.0 0.0 0.0 0.0
1 0.0 0.0 0.0 0.0
1 0.0 0.0 0.0 0.0
1 0.0 0.0 0.0 0.0
1 0.0 0.0 0.0 0.0
1 0.0 0.0 0.0 0.0
1 0.0 0.0 0.0 0.0
1 0.0 0.0 0.0 0.0
1 0.0 0.0 0.0 0.0
1 0.0 0.0 0.0 0.0
1 0.0 0.0 0.0 0.0
1 0.0 0.0 0.0 0.0
1 0.0 0.0 0.0 0.0
1 0.0 0.0 0.0 0.0
1 0.0 0.0 0.0 0.0
1 0.0 0.0 0.0 0.0
1 0.0 0.0 0.0 0.0
1 0.0 0.0 0.0 0.0
1 0.0 0.0 0.0 0.0
1 0.0 0.0 0.0 0.0
1 0.0 0.0 0.0 0.0
1 0.0 0.0 0.0 0.0
1 0.0 0.0 0.0 0.0
1 0.0 0.0 0.0 0.0
1 0.0 0.0 0.0 0.0
1 0.0 0.0 0.0 0.0
1 0.0 0.0 0.0 0.0
1 0.0 0.0 0.0 0.0
1 0.0 0.0 0.0 0.0
1 0.0 0.0 0.0 0.0
1 0.0 0.0 0.0 0.0
1 0.0 0.0 0.0 0.0
1 0.0 0.0 0.0 0.0
1 0.0 0.0 0.0 0.0
1 0.0 0.0 0.0 0.0
1 0.0 0.0 0.0 0.0
1 0.0 0.0 0.0 0.0
1 0.0 0.0 0.0 0.0
1 0.0 0.0 0.0 0.0
1 0.0 0.0 0.0 0.0
1 0.0 0.0 0.0 0.0
1 0.0 0.0 0.0 0.0
1 0.0 0.0 0.0 0.0
1 0.0 0.0 0.0 0.0
1 0.0 0.0 0.0 0.0
1 0.0 0.0 0.0 0.0
1 0.0 0.0 0.0 0.0
1 0.0 0.0 0.0 0.0
1 0.0 0.0 0.0 0.0
1 0.0 0.0 0.0 0.0
1 0.0 0.0 0.0 0.0
1 0.0 0.0 0.0 0.0
1 0.0 0.0 0.0 0.0
1 0.0 0.0 0.0 0.0
1 0.0 0.0 0.0 0.0
1 0.0 0.0 0.0 0.0
1 0.0 0.0 0.0 0.0
1 0.748698 0.005565 0.039583 0.00487
1 0.796615 0.005565 0.039583 0.00487
1 0.844531 0.005565 0.039583 0.00487
1 0.153943 0.009478 0.050073 0.001565
1 0.213037 0.009478 0.038118 0.001565
1 0.264315 0.009478 0.03444 0.001565
1 0.303328 0.009478 0.01359 0.001565
1 0.335278 0.009478 0.020312 0.001565
1 0.372949 0.009478 0.025033 0.001565
1 0.416443 0.009478 0.031958 0.001565
1 0.469771 0.009478 0.044702 0.001565
1 0.528589 0.009478 0.042936 0.001565
1 0.591207 0.009478 0.052303 0.001565
1 0.658158 0.009478 0.051603 0.001565
1 0.715365 0.009478 0.032812 0.001565
1 0.757406 0.009478 0.021273 0.001565
1 0.801465 0.009478 0.036849 0.001565
1 0.848527 0.009478 0.027279 0.001565
1 0.288094 0.015478 0.045036 0.001565
1 0.447046 0.015478 0.071436 0.00313
1 0.161584 0.023826 0.052856 0.001739
1 0.159692 0.026261 0.049072 0.001739
1 0.179968 0.028696 0.089624 0.001739
1 0.153507 0.031478 0.053369 0.002435
1 0.145341 0.07487 0.037036 0.002435
1 0.149231 0.077304 0.044816 0.002435
1 0.13894 0.079739 0.024235 0.002435
1 0.143917 0.082174 0.034188 0.002435
1 0.146631 0.084609 0.039616 0.002435
1 0.321086 0.040957 0.142692 0.019652
1 0.492773 0.036609 0.175684 0.001739
1 0.474097 0.046609 0.034163 0.001565
1 0.744271 0.033826 0.05791 0.005391
1 0.321086 0.064261 0.142692 0.019652
1 0.50387 0.059913 0.197876 0.001739
1 0.476676 0.069913 0.039323 0.001565
1 0.745703 0.05713 0.060775 0.005391
1 0.321086 0.087565 0.142692 0.019652
1 0.48995 0.079391 0.170036 0.001739
1 0.47301 0.089391 0.031991 0.001565
1 0.742485 0.080435 0.054338 0.005391
1 0.321086 0.11087 0.142692 0.019652
1 0.46252 0.104609 0.115177 0.001739
1 0.474223 0.114609 0.034416 0.001565
1 0.732389 0.102435 0.034147 0.002783
1 0.321086 0.134174 0.142692 0.019652
1 0.495504 0.129826 0.181144 0.001739
1 0.474097 0.139826 0.034163 0.001565
1 0.744271 0.127043 0.05791 0.005391
1 0.321086 0.157478 0.142692 0.019652
1 0.498885 0.15313 0.187907 0.001739
1 0.476912 0.16313 0.039795 0.001565
1 0.742436 0.150348 0.05424 0.005391
1 0.321086 0.180783 0.142692 0.019652
1 0.47749 0.176435 0.145117 0.001739
1 0.476774 0.186435 0.039518 0.001565
1 0.733968 0.172348 0.037305 0.002783
1 0.321086 0.204087 0.142692 0.019652
1 0.497424 0.199739 0.184985 0.001739
1 0.474097 0.209739 0.034163 0.001565
1 0.744271 0.196957 0.05791 0.005391
1 0.321086 0.227391 0.142692 0.019652
1 0.495577 0.223043 0.181291 0.001739
1 0.472697 0.233043 0.031364 0.001565
1 0.743335 0.220261 0.056038 0.005391
1 0.321086 0.250696 0.142692 0.019652
1 0.486414 0.246348 0.162964 0.001739
1 0.474113 0.256348 0.034196 0.001565
1 0.743347 0.243565 0.056063 0.005391
1 0.321086 0.274 0.142692 0.019652
1 0.484928 0.269652 0.159993 0.001739
1 0.47404 0.279652 0.034049 0.001565
1 0.743022 0.26687 0.055412 0.005391
1 0.321086 0.297304 0.142692 0.019652
1 0.483647 0.292957 0.15743 0.001739
1 0.476733 0.302957 0.039437 0.001565
1 0.734102 0.28887 0.037573 0.002783
1 0.321086 0.320609 0.142692 0.019652
1 0.493994 0.316261 0.178125 0.001739
1 0.47478 0.326261 0.035531 0.001565
1 0.742782 0.313478 0.054932 0.005391
1 0.321086 0.343913 0.142692 0.019652
1 0.496423 0.339565 0.182983 0.001739
1 0.477515 0.349565 0.040999 0.001565
1 0.746635 0.336783 0.062638 0.005391
1 0.321086 0.367217 0.142692 0.019652
1 0.485962 0.36287 0.162061 0.001739
1 0.474613 0.37287 0.035197 0.001565
1 0.746444 0.360087 0.062256 0.005391
1 0.321086 0.390522 0.142692 0.019652
1 0.490946 0.386174 0.17203 0.001739
1 0.474939 0.396174 0.035848 0.001565
1 0.742525 0.383391 0.054419 0.005391
1 0.321086 0.413826 0.142692 0.019652
1 0.499829 0.409478 0.189795 0.001739
1 0.475452 0.419478 0.036873 0.001565
1 0.745907 0.406696 0.061182 0.005391
1 0.321086 0.43713 0.142692 0.019652
1 0.516239 0.432783 0.222616 0.001739
1 0.476294 0.442783 0.038558 0.001565
1 0.745785 0.43 0.060938 0.005391
1 0.321086 0.460435 0.142692 0.019652
1 0.508744 0.456087 0.207625 0.001739
1 0.476294 0.466087 0.038558 0.001565
1 0.745785 0.453304 0.060938 0.005391
1 0.321086 0.483739 0.142692 0.019652
1 0.506746 0.479391 0.20363 0.001739
1 0.47655 0.489391 0.039071 0.001565
1 0.744963 0.476609 0.059294 0.005391
1 0.321086 0.507043 0.142692 0.019652
1 0.48057 0.502696 0.151278 0.001739
1 0.475317 0.512696 0.036605 0.001565
1 0.746073 0.499913 0.061515 0.005391
1 0.321086 0.530348 0.142692 0.019652
1 0.481372 0.526 0.152881 0.001739
1 0.472949 0.536 0.031868 0.001565
1 0.743241 0.523217 0.055851 0.005391
1 0.321086 0.553652 0.142692 0.019652
1 0.491341 0.549304 0.172819 0.001739
1 0.475972 0.559304 0.037915 0.001565
1 0.74373 0.546522 0.056828 0.005391
1 0.321086 0.576957 0.142692 0.019652
1 0.505835 0.572609 0.201807 0.001739
1 0.476994 0.582609 0.039958 0.001565
1 0.742285 0.569826 0.053939 0.005391
1 0.321086 0.600261 0.142692 0.019652
1 0.477962 0.594 0.146061 0.001739
1 0.474939 0.604 0.035848 0.001565
1 0.73396 0.591826 0.037288 0.002783
1 0.321086 0.623565 0.142692 0.019652
1 0.467863 0.617304 0.125863 0.001739
1 0.47404 0.627304 0.034049 0.001565
1 0.743022 0.616435 0.055412 0.005391
1 0.321086 0.64687 0.142692 0.019652
1 0.500724 0.642522 0.191585 0.001739
1 0.475997 0.652522 0.037964 0.001565
1 0.741443 0.639739 0.052254 0.005391
1 0.321086 0.670174 0.142692 0.019652
1 0.482548 0.665826 0.155233 0.001739
1 0.476733 0.675826 0.039437 0.001565
1 0.733895 0.661739 0.037158 0.002783
1 0.321086 0.693478 0.142692 0.019652
1 0.495882 0.68913 0.181901 0.001739
1 0.475452 0.69913 0.036873 0.001565
1 0.745907 0.686348 0.061182 0.005391
1 0.321086 0.716783 0.142692 0.019652
1 0.472514 0.712435 0.135164 0.001739
1 0.474638 0.722435 0.035246 0.001565
1 0.744613 0.709652 0.058594 0.005391
1 0.321086 0.740087 0.142692 0.019652
1 0.48055 0.735739 0.151237 0.001739
1 0.476774 0.745739 0.039518 0.001565
1 0.732475 0.731652 0.034318 0.002783
1 0.321086 0.763391 0.142692 0.019652
1 0.477881 0.759043 0.145898 0.001739
1 0.476135 0.769043 0.038241 0.001565
1 0.743713 0.756261 0.056795 0.005391
1 0.321086 0.786696 0.142692 0.019652
1 0.495239 0.782348 0.180615 0.001739
1 0.476774 0.792348 0.039518 0.001565
1 0.745813 0.779565 0.060994 0.005391
1 0.321086 0.81 0.142692 0.019652
1 0.467863 0.803739 0.125863 0.001739
1 0.474146 0.813739 0.034261 0.001565
1 0.732491 0.801565 0.034351 0.002783
1 0.321086 0.833304 0.142692 0.019652
1 0.494682 0.828957 0.1795 0.001739
1 0.474097 0.838957 0.034163 0.001565
1 0.743933 0.826174 0.057235 0.005391
1 0.321086 0.856609 0.142692 0.019652
1 0.490251 0.850348 0.170638 0.001739
1 0.476685 0.860348 0.039339 0.001565
1 0.7434 0.849478 0.056169 0.005391
1 0.250977 0.872522 0.014974 0.002783
1 0.270675 0.872522 0.016089 0.002783
1 0.290902 0.872522 0.016032 0.002783
1 0.311353 0.872522 0.016536 0.002783
1 0.331803 0.872522 0.016032 0.002783
1 0.352157 0.872522 0.016341 0.002783
1 0.372327 0.872522 0.015666 0.002783
1 0.392525 0.872522 0.016398 0.002783
1 0.413 0.872522 0.016219 0.002783
1 0.434794 0.872522 0.019035 0.002783
1 0.457194 0.872522 0.017432 0.002783
1 0.516536 0.872522 0.05 0.002783
1 0.290015 0.892289 0.09305 0.015535
1 0.290015 0.90684 0.09305 0.013565
1 0.395565 0.892289 0.09305 0.015535
1 0.395565 0.90684 0.09305 0.013565
1 0.501115 0.892289 0.09305 0.015535
1 0.501115 0.90684 0.09305 0.013565
1 0.606665 0.892289 0.09305 0.015535
1 0.606665 0.90684 0.09305 0.013565
1 0.712215 0.892289 0.09305 0.015535
1 0.712215 0.90684 0.09305 0.013565
1 0.817765 0.892289 0.09305 0.015535
1 0.817765 0.90684 0.09305 0.013565
1 0.1804 0.96 0.107153 0.001565
1 0.1804 0.962261 0.107153 0.001565
1 0.1804 0.964522 0.107153 0.001565
1 0.1804 0.966783 0.107153 0.001565
1 0.1804 0.969043 0.107153 0.001565
1 0.1804 0.971304 0.107153 0.001565
1 0.1804 0.973565 0.107153 0.001565
1 0.1804 0.975826 0.107153 0.001565
1 0.330709 0.96 0.088761 0.001565
1 0.330709 0.962261 0.088761 0.001565
1 0.330709 0.964522 0.088761 0.001565
1 0.330709 0.966783 0.088761 0.001565
1 0.330709 0.969043 0.088761 0.001565
1 0.330709 0.971304 0.088761 0.001565
1 0.330709 0.973565 0.088761 0.001565
1 0.459037 0.96 0.063192 0.001565
1 0.459037 0.962261 0.063192 0.001565
1 0.459037 0.964522 0.063192 0.001565
1 0.459037 0.966783 0.063192 0.001565
1 0.459037 0.969043 0.063192 0.001565
1 0.603719 0.96 0.121468 0.001565
1 0.603719 0.962261 0.121468 0.001565
1 0.603719 0.964522 0.121468 0.001565
1 0.603719 0.966783 0.121468 0.001565
1 0.787948 0.958261 0.142285 0.003826
1 0.723055 0.964 0.0125 0.002087
1 0.745972 0.964 0.0125 0.002087
1 0.768888 0.964 0.0125 0.002087
1 0.791805 0.964 0.0125 0.002087
1 0.165885 0.989609 0.078125 0.013478
1 0.285453 0.983739 0.059399 0.001739
1 0.416585 0.983739 0.049805 0.001739
1 0.538171 0.983739 0.040308 0.001739
1 0.678963 0.983739 0.088216 0.001739
1 0.831958 0.983739 0.064714 0.001739
3 0.794531 0.872522 0.029167 0.002435
3 0.157235 0.067043 0.031885 0.002435
3 0.209167 0.067043 0.031144 0.002435
3 0.157235 0.168957 0.031885 0.002435
3 0.209167 0.168957 0.031144 0.002435
3 0.157235 0.180435 0.031885 0.002435
3 0.209167 0.180435 0.031144 0.002435
3 0.157235 0.191913 0.031885 0.002435
3 0.209167 0.191913 0.031144 0.002435
3 0.157235 0.24513 0.031885 0.002435
3 0.209167 0.24513 0.031144 0.002435
14 0.176302 0.063217 0.098958 0.002087
14 0.176302 0.063217 0.098958 0.002087
14 0.176302 0.16513 0.098958 0.002087
14 0.176302 0.16513 0.098958 0.002087
14 0.176302 0.176609 0.098958 0.002087
14 0.176302 0.176609 0.098958 0.002087
14 0.176302 0.188087 0.098958 0.002087
14 0.176302 0.188087 0.098958 0.002087
14 0.176302 0.241304 0.098958 0.002087
14 0.176302 0.241304 0.098958 0.002087
