4 0.473750 0.007343 0.552500 0.001348
0 0.084583 0.005676 0.167500 0.001561
1 0.082917 0.007166 0.164167 0.001490
1 0.083333 0.008656 0.165000 0.001490
1 0.084167 0.010039 0.166667 0.001348
1 0.084167 0.011352 0.166667 0.001419
1 0.084167 0.012753 0.166667 0.001383
1 0.084167 0.014083 0.166667 0.001348
1 0.084167 0.004275 0.166667 0.001525
1 0.082917 0.002856 0.164167 0.001313
1 0.051250 0.000976 0.062500 0.001171
1 0.127500 0.001029 0.065000 0.001064
1 0.211250 0.001011 0.035833 0.001951
1 0.289167 0.001029 0.091667 0.001987
0 0.379167 0.001064 0.066667 0.001987
1 0.480000 0.001046 0.100000 0.002022
0 0.873750 0.001100 0.025833 0.001064
4 0.927917 0.001011 0.079167 0.000745
0 0.986667 0.000958 0.020000 0.000922
1 0.085417 0.015520 0.169167 0.001383
1 0.084583 0.016814 0.167500 0.001348
1 0.085417 0.018127 0.169167 0.001348
1 0.085417 0.019404 0.169167 0.001348
0 0.084583 0.020983 0.167500 0.001880
19 0.482083 0.500585 0.567500 0.983150
6 0.475417 0.004700 0.550833 0.002519
0 0.841667 0.001029 0.023333 0.001064
1 0.298750 0.995264 0.032500 0.000958
1 0.334167 0.995282 0.041667 0.000993
1 0.368333 0.995264 0.025000 0.001029
1 0.395000 0.995300 0.026667 0.001029
1 0.422917 0.995335 0.025833 0.001029
1 0.449583 0.995282 0.027500 0.001064
1 0.475833 0.995300 0.025000 0.001171
1 0.502917 0.995300 0.027500 0.001171
1 0.530417 0.995300 0.025833 0.001100
1 0.555000 0.995282 0.026667 0.001135
1 0.582917 0.995282 0.025833 0.001206
1 0.613750 0.995335 0.037500 0.001029
1 0.651250 0.995353 0.032500 0.001064
1 0.890833 0.999007 0.045000 0.000639
1 0.956250 0.998989 0.057500 0.000745
