0 0.259375 0.005357 0.061458 0.010476
0 0.853646 0.005298 0.020833 0.004167
0 0.851562 0.005298 0.011458 0.004167
0 0.407813 0.983036 0.104167 0.006548
1 0.138542 0.005298 0.083333 0.005357
1 0.597656 0.005298 0.043229 0.002738
1 0.663802 0.005298 0.047396 0.002738
1 0.734375 0.005298 0.052083 0.002738
1 0.801042 0.005298 0.039583 0.002738
1 0.888021 0.005238 0.011458 0.002619
1 0.200000 0.013929 0.070833 0.004524
1 0.278385 0.013929 0.039062 0.004524
1 0.336458 0.013929 0.030208 0.004524
1 0.416927 0.013929 0.083854 0.004524
1 0.508594 0.013929 0.052604 0.004524
1 0.582292 0.013929 0.047917 0.004524
1 0.648698 0.013929 0.038021 0.004524
1 0.724740 0.013929 0.067187 0.004524
1 0.199479 0.021190 0.205208 0.001905
1 0.438281 0.026369 0.016146 0.002500
1 0.463802 0.026369 0.018229 0.002500
1 0.497656 0.026369 0.032813 0.002500
1 0.535677 0.026369 0.026562 0.002500
1 0.206771 0.061131 0.218750 0.062262
1 0.439063 0.061131 0.227083 0.062262
1 0.593750 0.039167 0.046875 0.010714
1 0.756250 0.038571 0.257292 0.013333
1 0.593750 0.058929 0.046875 0.010714
1 0.756250 0.056905 0.257292 0.010476
1 0.593750 0.075595 0.046875 0.010714
1 0.756250 0.075179 0.257292 0.013452
1 0.151302 0.104464 0.091146 0.014881
1 0.325000 0.099405 0.230208 0.006429
1 0.151302 0.132321 0.091146 0.014881
1 0.337760 0.128810 0.255729 0.009762
1 0.151302 0.163512 0.091146 0.014881
1 0.318750 0.158214 0.217708 0.006429
1 0.151302 0.191250 0.091146 0.014881
1 0.340885 0.187798 0.261979 0.009643
1 0.151302 0.222321 0.091146 0.014881
1 0.324740 0.217202 0.229687 0.006548
1 0.151302 0.250298 0.091146 0.014881
1 0.339844 0.245060 0.259896 0.006548
1 0.333854 0.262917 0.028125 0.002024
1 0.151302 0.278393 0.091146 0.014881
1 0.340104 0.273095 0.260417 0.006429
1 0.151302 0.307321 0.091146 0.014881
1 0.327865 0.302143 0.235937 0.006429
1 0.827344 0.097202 0.115104 0.001786
1 0.522396 0.104345 0.036458 0.002024
1 0.616927 0.100893 0.125521 0.002500
1 0.555208 0.119702 0.087500 0.004643
1 0.653646 0.119702 0.109375 0.004643
1 0.750000 0.119702 0.083333 0.004643
1 0.834635 0.119702 0.085938 0.004643
1 0.694531 0.127083 0.366146 0.003452
1 0.694531 0.135417 0.366146 0.003452
1 0.694531 0.143810 0.366146 0.003571
1 0.694531 0.152083 0.366146 0.003452
1 0.694531 0.160417 0.366146 0.003452
1 0.522396 0.187738 0.036458 0.008333
1 0.584896 0.187381 0.072917 0.002143
1 0.720313 0.187738 0.036458 0.008333
1 0.803646 0.188571 0.113542 0.004524
1 0.522396 0.198929 0.036458 0.008333
1 0.616146 0.199762 0.135417 0.004524
1 0.720313 0.198929 0.036458 0.008333
1 0.812240 0.200952 0.130729 0.006905
1 0.522396 0.210595 0.036458 0.008333
1 0.615625 0.211429 0.134375 0.004524
1 0.720313 0.210595 0.036458 0.008333
1 0.811198 0.212619 0.128646 0.006905
1 0.522396 0.222262 0.036458 0.008333
1 0.613542 0.223095 0.130208 0.004524
1 0.720313 0.222262 0.036458 0.008333
1 0.814583 0.224286 0.135417 0.006905
1 0.522396 0.233929 0.036458 0.008333
1 0.608594 0.235952 0.120313 0.006905
1 0.720313 0.233929 0.036458 0.008333
1 0.807813 0.234762 0.122917 0.004524
1 0.522396 0.245595 0.036458 0.008333
1 0.611719 0.246429 0.126562 0.004524
1 0.720313 0.245595 0.036458 0.008333
1 0.814583 0.246429 0.135417 0.004524
1 0.522396 0.256786 0.036458 0.008333
1 0.613281 0.257619 0.129688 0.004524
1 0.720313 0.256786 0.036458 0.008333
1 0.809635 0.257619 0.126562 0.004524
1 0.522396 0.267976 0.036458 0.008333
1 0.608594 0.270000 0.120313 0.006905
1 0.720313 0.267976 0.036458 0.008333
1 0.813281 0.268810 0.133854 0.004524
1 0.522396 0.289286 0.036458 0.008333
1 0.614062 0.290119 0.131250 0.004524
1 0.720313 0.289286 0.036458 0.008333
1 0.815625 0.290119 0.137500 0.004524
1 0.522396 0.300476 0.036458 0.008333
1 0.616927 0.301310 0.136979 0.004524
1 0.720313 0.300476 0.036458 0.008333
1 0.811979 0.301310 0.130208 0.004524
1 0.522396 0.311667 0.036458 0.008333
1 0.614583 0.312500 0.132292 0.004524
1 0.720313 0.311667 0.036458 0.008333
1 0.814063 0.312500 0.135417 0.004524
1 0.522396 0.322857 0.036458 0.008333
1 0.615885 0.323690 0.134896 0.004524
1 0.720313 0.322857 0.036458 0.008333
1 0.811719 0.323690 0.129688 0.004524
1 0.522396 0.334048 0.036458 0.008333
1 0.611719 0.334881 0.126562 0.004524
1 0.720313 0.334048 0.036458 0.008333
1 0.809115 0.334881 0.124479 0.004524
1 0.522396 0.345238 0.036458 0.008333
1 0.614062 0.346071 0.131250 0.004524
1 0.720313 0.345238 0.036458 0.008333
1 0.807031 0.346071 0.120313 0.004524
1 0.522396 0.356429 0.036458 0.008333
1 0.616927 0.357262 0.136979 0.004524
1 0.720313 0.356429 0.036458 0.008333
1 0.814844 0.357262 0.135937 0.004524
1 0.522396 0.367619 0.036458 0.008333
1 0.616927 0.368452 0.136979 0.004524
1 0.790104 0.367262 0.176042 0.002143
1 0.151302 0.421131 0.091146 0.014881
1 0.365885 0.414345 0.311979 0.003214
1 0.151302 0.444940 0.091146 0.014881
1 0.376042 0.439762 0.332292 0.006429
1 0.151302 0.468750 0.091146 0.014881
1 0.309635 0.461964 0.199479 0.003214
1 0.151302 0.492560 0.091146 0.014881
1 0.364583 0.485774 0.309375 0.003214
1 0.151302 0.516369 0.091146 0.014881
1 0.372135 0.509583 0.324479 0.003214
1 0.151302 0.540179 0.091146 0.014881
1 0.338281 0.533393 0.256771 0.003214
1 0.151302 0.563988 0.091146 0.014881
1 0.363021 0.558810 0.306250 0.006429
1 0.151302 0.587798 0.091146 0.014881
1 0.364583 0.581012 0.309375 0.003214
1 0.151302 0.611607 0.091146 0.014881
1 0.279948 0.604821 0.140104 0.003214
1 0.151302 0.635417 0.091146 0.014881
1 0.353125 0.630238 0.286458 0.006429
1 0.585938 0.419167 0.031250 0.007143
1 0.730469 0.415893 0.236979 0.002262
1 0.585938 0.434167 0.031250 0.007143
1 0.714323 0.430893 0.204687 0.002262
1 0.585938 0.449167 0.031250 0.007143
1 0.730469 0.445893 0.236979 0.002262
1 0.585938 0.461905 0.031250 0.007143
1 0.703125 0.458631 0.182292 0.002262
1 0.585938 0.476905 0.031250 0.007143
1 0.713021 0.473631 0.202083 0.002262
1 0.585938 0.491905 0.031250 0.007143
1 0.707552 0.488631 0.191146 0.002262
1 0.585938 0.504643 0.031250 0.007143
1 0.688021 0.501369 0.152083 0.002262
1 0.585938 0.519643 0.031250 0.007143
1 0.724479 0.517679 0.225000 0.004881
1 0.585938 0.537262 0.031250 0.007143
1 0.732292 0.533988 0.240625 0.002262
1 0.585938 0.552262 0.031250 0.007143
1 0.738802 0.550298 0.253646 0.004881
1 0.585938 0.567619 0.031250 0.007143
1 0.703646 0.564345 0.183333 0.002262
1 0.151302 0.696488 0.091146 0.014881
1 0.373437 0.691310 0.327083 0.006429
1 0.151302 0.721488 0.091146 0.014881
1 0.279948 0.714702 0.140104 0.003214
1 0.151302 0.745298 0.091146 0.014881
1 0.370312 0.738512 0.320833 0.003214
1 0.151302 0.769107 0.091146 0.014881
1 0.363281 0.763929 0.306771 0.006429
1 0.151302 0.792917 0.091146 0.014881
1 0.375260 0.786131 0.330729 0.003214
1 0.151302 0.816726 0.091146 0.014881
1 0.371354 0.811548 0.322917 0.006429
1 0.151302 0.841726 0.091146 0.014881
1 0.359635 0.836548 0.299479 0.006429
1 0.151302 0.865536 0.091146 0.014881
1 0.369792 0.858750 0.319792 0.003214
1 0.408854 0.876607 0.028125 0.002024
1 0.151302 0.890536 0.091146 0.014881
1 0.329948 0.883750 0.240104 0.003214
1 0.151302 0.914345 0.091146 0.014881
1 0.347917 0.907560 0.276042 0.003214
1 0.585938 0.694524 0.031250 0.007143
1 0.748177 0.692560 0.272396 0.004881
1 0.585938 0.712143 0.031250 0.007143
1 0.740885 0.710179 0.257812 0.004881
1 0.585938 0.732024 0.031250 0.007143
1 0.721615 0.728750 0.219271 0.002262
1 0.585938 0.747024 0.031250 0.007143
1 0.745573 0.745060 0.267188 0.004881
1 0.585938 0.764643 0.031250 0.007143
1 0.730729 0.762679 0.237500 0.004881
1 0.585938 0.782262 0.031250 0.007143
1 0.735417 0.778988 0.246875 0.002262
1 0.585938 0.797262 0.031250 0.007143
1 0.705208 0.793988 0.186458 0.002262
1 0.585938 0.812262 0.031250 0.007143
1 0.740885 0.810298 0.257812 0.004881
1 0.585938 0.829881 0.031250 0.007143
1 0.744010 0.827917 0.264062 0.004881
1 0.585938 0.847500 0.031250 0.007143
1 0.745833 0.844226 0.267708 0.002262
1 0.585938 0.862500 0.031250 0.007143
1 0.719792 0.859226 0.215625 0.002262
1 0.495312 0.935357 0.097917 0.006905
1 0.224479 0.957679 0.255208 0.008929
1 0.495312 0.957679 0.255208 0.008929
1 0.766146 0.957679 0.255208 0.008929
1 0.326042 0.991786 0.322917 0.005238
1 0.517448 0.983036 0.028646 0.006548
1 0.561719 0.983036 0.028646 0.006548
1 0.605990 0.983036 0.028646 0.006548
1 0.650260 0.983036 0.028646 0.006548
2 0.258854 0.983155 0.180208 0.005119
