1 0.057851 0.012442 0.082645 0.013918
1 0.144169 0.012231 0.075298 0.017714
1 0.234160 0.012864 0.042241 0.013075
1 0.319559 0.012653 0.095500 0.016871
0 0.418733 0.012864 0.067952 0.013075
1 0.526630 0.012653 0.109275 0.011809
0 0.809458 0.013075 0.024793 0.013496
1 0.845271 0.013075 0.022957 0.013496
4 0.901745 0.012231 0.080808 0.010122
1 0.967401 0.012231 0.017447 0.008435
1 0.092746 0.033741 0.183655 0.016871
1 0.092746 0.050612 0.181818 0.017714
1 0.092287 0.085618 0.182736 0.017714
1 0.093205 0.067904 0.182736 0.016871
0 0.092746 0.102910 0.179982 0.015183
1 0.091827 0.119992 0.181818 0.017292
1 0.092287 0.137495 0.182736 0.016027
1 0.092287 0.154576 0.182736 0.018979
1 0.092746 0.173134 0.183655 0.016449
1 0.092287 0.190004 0.182736 0.016449
1 0.092287 0.205820 0.182736 0.016871
1 0.092746 0.223113 0.183655 0.016871
0 0.216713 0.138338 0.018365 0.010966
0 0.216713 0.188106 0.022039 0.010966
0 0.215794 0.241670 0.016529 0.009279
0 0.215794 0.278153 0.018365 0.009701
0 0.215335 0.314003 0.022957 0.009701
0 0.215794 0.372417 0.018365 0.009279
0 0.217631 0.438423 0.018365 0.009701
0 0.217172 0.488823 0.019284 0.010122
0 0.216713 0.520245 0.016529 0.008857
0 0.215794 0.565584 0.020202 0.010966
0 0.435262 0.920498 0.078972 0.014762
0 0.654270 0.856601 0.101928 0.015183
5 0.404959 0.893716 0.018365 0.008435
1 0.528007 0.894348 0.060606 0.008013
0 0.653352 0.061367 0.043159 0.013075
0 0.720845 0.042809 0.042241 0.012231
0 0.617539 0.042598 0.044995 0.012653
0 0.471534 0.042387 0.044995 0.012231
0 0.381084 0.043020 0.045914 0.012653
0 0.287420 0.061577 0.038567 0.012653
0 0.275941 0.042176 0.044995 0.012653
0 0.261708 0.080135 0.064279 0.013496
0 0.403581 0.061577 0.044995 0.012653
18 0.696511 0.079081 0.056015 0.015605
18 0.641414 0.079713 0.054178 0.016027
18 0.579431 0.080135 0.067952 0.015183
18 0.519743 0.079502 0.051423 0.014762
18 0.540404 0.061156 0.050505 0.011809
18 0.385216 0.079713 0.054178 0.014340
18 0.324151 0.079924 0.060606 0.014762
1 0.451791 0.138338 0.113866 0.010122
1 0.471993 0.188528 0.156107 0.010122
1 0.453168 0.241248 0.114784 0.012653
1 0.441230 0.278364 0.087236 0.008435
1 0.454545 0.314213 0.115702 0.009279
1 0.472911 0.372206 0.156107 0.011388
1 0.441230 0.439266 0.087236 0.007170
1 0.472911 0.488402 0.156107 0.010966
1 0.464646 0.520245 0.135904 0.007170
1 0.488522 0.564741 0.187328 0.010966
5 0.261249 0.565162 0.017447 0.009279
5 0.261708 0.520245 0.014692 0.009701
5 0.260790 0.487769 0.016529 0.009701
5 0.260331 0.438212 0.015611 0.008435
5 0.261708 0.371784 0.014692 0.008013
5 0.260331 0.312948 0.019284 0.007592
5 0.261708 0.276887 0.016529 0.008013
5 0.262167 0.240827 0.015611 0.009279
5 0.260790 0.186630 0.014692 0.008857
5 0.259871 0.136440 0.014692 0.009701
5 0.261249 0.106495 0.013774 0.009701
1 0.792929 0.630325 0.030303 0.015605
1 0.755739 0.631168 0.031221 0.015605
1 0.682277 0.629692 0.029385 0.015183
1 0.646924 0.630114 0.030303 0.015183
1 0.609734 0.630747 0.033058 0.015605
1 0.573462 0.630536 0.030303 0.016027
1 0.535354 0.630957 0.031221 0.015183
1 0.498623 0.629692 0.027548 0.016027
3 0.601010 0.653100 0.414141 0.016449
3 0.601928 0.680936 0.408632 0.014762
3 0.601928 0.709827 0.410468 0.016027
3 0.602388 0.739983 0.407713 0.014762
4 0.602388 0.769085 0.411387 0.014762
4 0.426997 0.798186 0.058770 0.016449
3 0.633609 0.798397 0.347107 0.013496
3 0.602847 0.827499 0.408632 0.016027
3 0.500459 0.855968 0.207530 0.013918
0 0.379247 0.740194 0.012856 0.006748
