1 0.051250 0.023554 0.077500 0.023967
1 0.128333 0.025207 0.075000 0.025620
1 0.214167 0.023554 0.040000 0.023967
1 0.288750 0.023554 0.077500 0.028926
1 0.380000 0.021488 0.060000 0.026446
1 0.477500 0.025207 0.100000 0.033884
1 0.875000 0.025207 0.025000 0.023967
4 0.926667 0.023554 0.081667 0.019008
1 0.983750 0.023554 0.022500 0.020661
1 0.240417 0.194215 0.077500 0.013223
1 0.230000 0.295868 0.055000 0.013223
1 0.222917 0.380992 0.044167 0.013223
1 0.231667 0.466529 0.063333 0.023967
1 0.219583 0.554959 0.047500 0.015702
1 0.228750 0.808678 0.057500 0.020661
1 0.082917 0.066116 0.164167 0.031405
1 0.081667 0.097521 0.161667 0.031405
1 0.081667 0.131405 0.161667 0.033058
1 0.082917 0.166529 0.164167 0.037190
1 0.084167 0.201653 0.166667 0.033058
1 0.084167 0.232645 0.166667 0.032231
1 0.084167 0.264463 0.166667 0.034711
1 0.082917 0.294215 0.164167 0.033058
1 0.082917 0.327273 0.164167 0.033058
1 0.082917 0.358678 0.164167 0.031405
1 0.082917 0.390083 0.164167 0.026446
1 0.082917 0.418182 0.164167 0.029752
1 0.082917 0.453306 0.164167 0.032231
1 0.082917 0.490496 0.164167 0.042149
1 0.247083 0.892149 0.027500 0.028926
1 0.284583 0.892149 0.037500 0.033884
1 0.318333 0.888430 0.021667 0.026446
1 0.343333 0.890083 0.020000 0.031405
1 0.372500 0.892149 0.025000 0.027273
1 0.398750 0.892149 0.022500 0.028926
1 0.425833 0.891736 0.025000 0.031405
1 0.450833 0.888430 0.025000 0.029752
1 0.477917 0.891736 0.022500 0.031405
1 0.506667 0.892149 0.023333 0.032231
1 0.530833 0.890083 0.025000 0.028099
1 0.563333 0.890083 0.040000 0.029752
1 0.603750 0.890083 0.027500 0.028099
0 0.840833 0.025207 0.020000 0.023967
1 0.954583 0.973554 0.062500 0.011570
1 0.890417 0.975207 0.029167 0.011570
