0 0.841667 0.010728 0.016667 0.007663
1 0.051250 0.010920 0.072500 0.007280
1 0.211250 0.011303 0.054167 0.021839
1 0.289583 0.011303 0.102500 0.021839
1 0.378750 0.011303 0.077500 0.021839
1 0.476250 0.011303 0.117500 0.021839
1 0.982083 0.010728 0.032500 0.007663
1 0.082917 0.029885 0.164167 0.015326
1 0.082917 0.046169 0.164167 0.014943
1 0.082917 0.061111 0.164167 0.014943
1 0.082917 0.076820 0.164167 0.016475
1 0.082917 0.092337 0.164167 0.014559
1 0.082917 0.107088 0.164167 0.014176
1 0.082917 0.121648 0.164167 0.014176
1 0.082917 0.136782 0.164167 0.014559
1 0.082917 0.150766 0.164167 0.014176
1 0.082917 0.165134 0.164167 0.014559
1 0.082917 0.180460 0.164167 0.014559
1 0.082917 0.194828 0.164167 0.014176
1 0.082917 0.209770 0.164167 0.014943
1 0.082917 0.226054 0.164167 0.015326
1 0.249583 0.948851 0.032500 0.012644
1 0.287083 0.948851 0.042500 0.012644
1 0.321250 0.948851 0.027500 0.012644
1 0.348750 0.948851 0.027500 0.012644
1 0.375417 0.948851 0.027500 0.012644
1 0.401250 0.948851 0.027500 0.012644
1 0.428750 0.948851 0.027500 0.012644
1 0.454583 0.948851 0.027500 0.012644
1 0.481250 0.948851 0.027500 0.012644
1 0.507917 0.948851 0.027500 0.012644
1 0.533750 0.948851 0.027500 0.012644
1 0.568750 0.948851 0.042500 0.012644
1 0.605000 0.948851 0.033333 0.012644
1 0.889167 0.987356 0.025000 0.005364
1 0.955000 0.987356 0.053333 0.005364
15 0.429167 0.110536 0.468333 0.117625
15 0.430417 0.221648 0.457500 0.077011
15 0.430833 0.335632 0.455000 0.091954
15 0.429167 0.442337 0.458333 0.090805
15 0.429167 0.548659 0.460000 0.091954
15 0.429583 0.655939 0.457500 0.091188
15 0.428750 0.870307 0.459167 0.093103
15 0.429167 0.762452 0.458333 0.091188
1 0.912500 0.011686 0.103333 0.022605
1 0.130417 0.011494 0.064167 0.010728
