0 0.841667 0.039084 0.016667 0.026954
1 0.052083 0.039084 0.072500 0.024259
1 0.212083 0.040431 0.054167 0.078167
1 0.290000 0.040431 0.101667 0.078167
1 0.379583 0.040431 0.077500 0.078167
1 0.477083 0.040431 0.117500 0.078167
1 0.982500 0.039084 0.033333 0.026954
1 0.083333 0.106469 0.165000 0.053908
1 0.083333 0.161725 0.165000 0.053908
1 0.083333 0.216981 0.165000 0.053908
1 0.083333 0.272237 0.165000 0.056604
1 0.083333 0.326146 0.165000 0.051213
1 0.083333 0.377358 0.165000 0.051213
1 0.083333 0.428571 0.165000 0.051213
1 0.083333 0.479784 0.165000 0.051213
1 0.083333 0.531671 0.165000 0.052561
1 0.083333 0.583558 0.165000 0.051213
1 0.083333 0.634771 0.165000 0.051213
1 0.083333 0.685984 0.165000 0.051213
1 0.083333 0.739892 0.165000 0.053908
1 0.083333 0.795148 0.165000 0.053908
1 0.250000 0.820755 0.033333 0.043127
1 0.287500 0.820755 0.043333 0.043127
1 0.322083 0.820755 0.027500 0.043127
1 0.348750 0.820755 0.027500 0.043127
1 0.375417 0.820755 0.027500 0.043127
1 0.402083 0.820755 0.027500 0.043127
1 0.428750 0.820755 0.027500 0.043127
1 0.455000 0.820755 0.026667 0.043127
1 0.481250 0.820755 0.027500 0.043127
1 0.507917 0.820755 0.027500 0.043127
1 0.534583 0.820755 0.027500 0.043127
1 0.568750 0.820755 0.042500 0.043127
1 0.605833 0.820755 0.033333 0.043127
1 0.889167 0.956873 0.025000 0.021563
1 0.955833 0.956873 0.053333 0.021563
15 0.428750 0.416442 0.455833 0.458221
1 0.130417 0.041105 0.064167 0.036388
1 0.912500 0.039757 0.103333 0.071429
