1 0.051250 0.041105 0.077500 0.039084
1 0.128333 0.042453 0.070000 0.039084
1 0.214583 0.041779 0.032500 0.032345
1 0.291667 0.041105 0.080000 0.033693
1 0.375417 0.041105 0.042500 0.028302
1 0.475417 0.040431 0.095833 0.026954
1 0.872500 0.038410 0.025000 0.041779
4 0.925417 0.041105 0.075833 0.025606
1 0.985000 0.034367 0.015000 0.030997
1 0.033333 0.108491 0.033333 0.028302
1 0.055417 0.164420 0.080833 0.026954
1 0.039583 0.219003 0.047500 0.022911
1 0.057083 0.273585 0.050833 0.026954
1 0.049583 0.330863 0.034167 0.025606
1 0.070417 0.381402 0.077500 0.029650
1 0.068750 0.430593 0.072500 0.025606
1 0.050000 0.478437 0.041667 0.024259
1 0.057500 0.533019 0.053333 0.028302
1 0.072917 0.584232 0.087500 0.030997
1 0.078333 0.641509 0.093333 0.035040
1 0.066250 0.687332 0.070833 0.026954
1 0.062917 0.741240 0.094167 0.026954
1 0.063750 0.797170 0.094167 0.025606
4 0.287917 0.232480 0.084167 0.047170
3 0.639167 0.230458 0.166667 0.048518
20 0.460417 0.491914 0.545833 0.431267
1 0.593750 0.594340 0.014167 0.029650
1 0.624583 0.594340 0.014167 0.032345
1 0.661250 0.597709 0.014167 0.030997
1 0.700417 0.596361 0.029167 0.025606
1 0.290833 0.822102 0.016667 0.021563
1 0.325833 0.822102 0.025000 0.024259
1 0.361250 0.822102 0.014167 0.026954
1 0.387917 0.821429 0.010833 0.028302
1 0.413333 0.821429 0.011667 0.028302
1 0.440833 0.821429 0.011667 0.028302
1 0.467500 0.822776 0.013333 0.025606
1 0.493333 0.822776 0.011667 0.022911
1 0.520833 0.820755 0.011667 0.024259
1 0.547083 0.821429 0.010833 0.025606
1 0.573750 0.822102 0.010833 0.024259
1 0.608333 0.822102 0.025000 0.026954
1 0.643750 0.822102 0.020833 0.021563
0 0.842917 0.039084 0.019167 0.035040
1 0.891250 0.956873 0.032500 0.024259
1 0.957083 0.960243 0.062500 0.033693
1 0.402917 0.043801 0.015833 0.025606
1 0.147083 0.220350 0.014167 0.022911
1 0.146667 0.798518 0.015000 0.020216
