1 0.053333 0.026361 0.071667 0.027211
1 0.132917 0.026361 0.069167 0.022109
1 0.214583 0.025510 0.027500 0.013605
1 0.291667 0.025510 0.075000 0.013605
1 0.372500 0.027211 0.041667 0.017007
1 0.479167 0.025935 0.095000 0.017857
1 0.874167 0.027211 0.021667 0.023810
1 0.985000 0.026361 0.015000 0.022109
4 0.925000 0.026361 0.080000 0.022109
1 0.035833 0.067602 0.040000 0.016156
1 0.055833 0.102466 0.078333 0.016156
1 0.040833 0.139031 0.043333 0.014456
1 0.057500 0.172194 0.046667 0.019558
1 0.048333 0.206633 0.031667 0.018707
1 0.070833 0.239371 0.078333 0.016156
1 0.065833 0.272959 0.070000 0.015306
1 0.051667 0.303997 0.035000 0.017857
1 0.060000 0.337585 0.056667 0.018707
1 0.074583 0.369048 0.085833 0.017007
1 0.079583 0.401786 0.090833 0.012755
1 0.065833 0.433248 0.066667 0.016156
1 0.062500 0.467687 0.095000 0.018707
1 0.061250 0.504252 0.095833 0.017007
20 0.361250 0.469813 0.344167 0.710034
4 0.270000 0.186650 0.065000 0.024660
4 0.272917 0.292092 0.065833 0.019558
4 0.268333 0.399660 0.060000 0.020408
4 0.272083 0.510204 0.060833 0.020408
4 0.269583 0.632228 0.062500 0.021259
4 0.270000 0.752126 0.065000 0.022959
5 0.444583 0.227041 0.012500 0.013605
5 0.444167 0.331633 0.011667 0.013605
5 0.445000 0.437925 0.011667 0.015306
5 0.445417 0.558673 0.012500 0.013605
5 0.446250 0.679847 0.012500 0.014456
5 0.445000 0.799320 0.011667 0.015306
1 0.378750 0.752976 0.077500 0.019558
1 0.380000 0.633929 0.080000 0.021259
1 0.374583 0.511480 0.070833 0.021259
1 0.364583 0.397109 0.047500 0.018707
1 0.368750 0.295493 0.062500 0.016156
1 0.358333 0.187925 0.041667 0.015306
1 0.251250 0.888605 0.022500 0.010204
1 0.287500 0.887755 0.030000 0.013605
1 0.320833 0.886480 0.010000 0.017857
1 0.347083 0.886905 0.009167 0.013605
1 0.374167 0.886905 0.011667 0.017007
1 0.402083 0.886480 0.012500 0.014456
1 0.426667 0.887755 0.011667 0.017007
1 0.455000 0.887755 0.011667 0.015306
1 0.480000 0.888180 0.011667 0.014456
1 0.508333 0.888605 0.008333 0.013605
1 0.533750 0.887755 0.012500 0.015306
1 0.567500 0.888180 0.023333 0.014456
1 0.603333 0.886905 0.020000 0.011905
0 0.841667 0.024660 0.018333 0.020408
1 0.957917 0.972364 0.055833 0.007653
1 0.888750 0.974490 0.032500 0.010204
1 0.402917 0.028486 0.012500 0.016156
6 0.461250 0.227891 0.020833 0.013605
6 0.460417 0.333333 0.019167 0.013605
6 0.460417 0.440051 0.019167 0.014456
6 0.462083 0.559099 0.017500 0.012755
6 0.462500 0.681122 0.016667 0.010204
6 0.459167 0.801446 0.018333 0.012755
1 0.147083 0.504677 0.010833 0.014456
1 0.148333 0.138605 0.010000 0.011905
