1 0.225667 0.024500 0.107333 0.037000
2 0.359667 0.022000 0.152667 0.030000
2 0.713667 0.141000 0.180667 0.028000
2 0.713333 0.192000 0.180000 0.030000
0 0.656333 0.244500 0.066000 0.033000
1 0.746333 0.245000 0.088667 0.018000
2 0.713000 0.415000 0.180667 0.032000
2 0.713000 0.463500 0.179333 0.031000
1 0.667000 0.509500 0.011333 0.017000
14 0.638000 0.543500 0.028000 0.037000
14 0.701667 0.544000 0.043333 0.038000
14 0.766333 0.543000 0.028667 0.036000
0 0.791667 0.545000 0.019333 0.036000
0 0.734667 0.545000 0.021333 0.036000
0 0.663000 0.544500 0.020667 0.037000
1 0.304667 0.440000 0.124000 0.446000
1 0.411000 0.440000 0.130000 0.450000
1 0.359667 0.693000 0.056667 0.016000
0 0.410333 0.642500 0.060667 0.025000
0 0.304333 0.642500 0.075333 0.025000
5 0.644000 0.608500 0.041333 0.015000
5 0.700333 0.610500 0.034000 0.015000
0 0.712333 0.664000 0.178000 0.032000
0 0.713000 0.717000 0.179333 0.036000
1 0.713000 0.838500 0.046000 0.015000
1 0.424000 0.979000 0.086667 0.012000
1 0.397667 0.920000 0.038000 0.014000
1 0.437000 0.920000 0.027333 0.020000
1 0.479667 0.918500 0.044667 0.019000
1 0.790000 0.919500 0.057333 0.015000
1 0.734000 0.922000 0.045333 0.018000
1 0.687667 0.920000 0.035333 0.016000
1 0.649667 0.919500 0.031333 0.013000
0 0.806000 0.980000 0.012000 0.022000
