1 0.222035 0.025826 0.111186 0.037190
2 0.358154 0.025310 0.154313 0.032025
1 0.397574 0.932851 0.041779 0.014463
1 0.436995 0.933368 0.026280 0.017562
1 0.479447 0.933884 0.046496 0.014463
1 0.653302 0.932851 0.031671 0.014463
1 0.691038 0.933368 0.037062 0.015496
1 0.737197 0.932851 0.045822 0.014463
1 0.795822 0.932335 0.059299 0.017562
1 0.716981 0.850207 0.045822 0.012397
0 0.716981 0.724690 0.181941 0.034091
0 0.716644 0.667872 0.181267 0.038223
5 0.646563 0.613120 0.045148 0.017562
0 0.704852 0.614669 0.039084 0.016529
14 0.642183 0.544938 0.029650 0.029959
14 0.707547 0.545455 0.041779 0.030992
14 0.772911 0.545971 0.030997 0.034091
0 0.671159 0.508264 0.012129 0.020661
0 0.660377 0.236570 0.068733 0.035124
1 0.750000 0.235537 0.090296 0.012397
1 0.717318 0.412190 0.178571 0.028926
2 0.716307 0.457645 0.180593 0.035124
2 0.717318 0.180785 0.183962 0.035124
2 0.716307 0.127583 0.180593 0.029959
0 0.385445 0.584194 0.053908 0.036157
1 0.427561 0.701446 0.042453 0.012397
1 0.504717 0.831612 0.047170 0.018595
1 0.559636 0.832645 0.028976 0.020661
1 0.423854 0.976756 0.087601 0.015496
0 0.809973 0.976240 0.014825 0.022727
0 0.666442 0.544421 0.016173 0.033058
0 0.737871 0.545971 0.017520 0.034091
0 0.798181 0.543905 0.019542 0.034091
