0 0.259375 0.005357 0.061458 0.010476
0 0.853646 0.005298 0.020833 0.004167
0 0.851562 0.005298 0.011458 0.004167
0 0.407813 0.952202 0.104167 0.006548
1 0.138542 0.005298 0.083333 0.005357
1 0.597656 0.005298 0.043229 0.002738
1 0.663802 0.005298 0.047396 0.002738
1 0.734375 0.005298 0.052083 0.002738
1 0.801042 0.005298 0.039583 0.002738
1 0.888021 0.005238 0.011458 0.002619
1 0.200000 0.013929 0.070833 0.004524
1 0.278385 0.013929 0.039062 0.004524
1 0.336458 0.013929 0.030208 0.004524
1 0.416927 0.013929 0.083854 0.004524
1 0.508594 0.013929 0.052604 0.004524
1 0.582292 0.013929 0.047917 0.004524
1 0.648698 0.013929 0.038021 0.004524
1 0.724740 0.013929 0.067187 0.004524
1 0.250521 0.021190 0.307292 0.001905
1 0.438281 0.026369 0.016146 0.002500
1 0.463802 0.026369 0.018229 0.002500
1 0.497656 0.026369 0.032813 0.002500
1 0.535677 0.026369 0.026562 0.002500
1 0.206771 0.061131 0.218750 0.062262
1 0.439063 0.061131 0.227083 0.062262
1 0.593750 0.039167 0.046875 0.010714
1 0.756250 0.037143 0.257292 0.010476
1 0.593750 0.055833 0.046875 0.010714
1 0.756250 0.055417 0.257292 0.013452
1 0.593750 0.075595 0.046875 0.010714
1 0.756250 0.075179 0.257292 0.013452
1 0.151302 0.104464 0.091146 0.014881
1 0.333854 0.097798 0.247917 0.003214
1 0.151302 0.130417 0.091146 0.014881
1 0.283594 0.123571 0.147396 0.003095
1 0.151302 0.156190 0.091146 0.015000
1 0.342969 0.150952 0.266146 0.006429
1 0.151302 0.183988 0.091146 0.014881
1 0.333854 0.178929 0.247917 0.006429
1 0.331250 0.196607 0.028125 0.002024
1 0.151302 0.212083 0.091146 0.014881
1 0.343229 0.205417 0.266667 0.003214
1 0.151302 0.238036 0.091146 0.014881
1 0.330990 0.232798 0.242188 0.006548
1 0.151302 0.265893 0.091146 0.014881
1 0.332292 0.260595 0.244792 0.006429
1 0.331250 0.278869 0.028125 0.002024
1 0.151302 0.294821 0.091146 0.014881
1 0.340625 0.289643 0.261458 0.006429
1 0.345573 0.307440 0.028646 0.002024
1 0.827344 0.097202 0.115104 0.001786
1 0.522396 0.104345 0.036458 0.002024
1 0.616927 0.100893 0.125521 0.002500
1 0.555208 0.119702 0.087500 0.004643
1 0.653646 0.119702 0.109375 0.004643
1 0.750000 0.119702 0.083333 0.004643
1 0.834635 0.119702 0.085938 0.004643
1 0.694531 0.127083 0.366146 0.003452
1 0.694531 0.135417 0.366146 0.003452
1 0.694531 0.143810 0.366146 0.003571
1 0.694531 0.152083 0.366146 0.003452
1 0.694531 0.160417 0.366146 0.003452
1 0.522396 0.187738 0.036458 0.008333
1 0.604167 0.189762 0.111458 0.006905
1 0.720313 0.187738 0.036458 0.008333
1 0.808854 0.188571 0.123958 0.004524
1 0.522396 0.199405 0.036458 0.008333
1 0.614323 0.201429 0.131771 0.006905
1 0.720313 0.199405 0.036458 0.008333
1 0.810937 0.200238 0.128125 0.004524
1 0.522396 0.211071 0.036458 0.008333
1 0.607031 0.211905 0.117188 0.004524
1 0.720313 0.211071 0.036458 0.008333
1 0.814063 0.213095 0.134375 0.006905
1 0.522396 0.222738 0.036458 0.008333
1 0.616406 0.224762 0.135937 0.006905
1 0.720313 0.222738 0.036458 0.008333
1 0.803906 0.223571 0.114062 0.004524
1 0.522396 0.234405 0.036458 0.008333
1 0.613281 0.235238 0.129688 0.004524
1 0.720313 0.234405 0.036458 0.008333
1 0.812760 0.235238 0.131771 0.004524
1 0.522396 0.245595 0.036458 0.008333
1 0.611198 0.246429 0.125521 0.004524
1 0.720313 0.245595 0.036458 0.008333
1 0.808854 0.247619 0.125000 0.006905
1 0.522396 0.257262 0.036458 0.008333
1 0.616667 0.258095 0.136458 0.004524
1 0.720313 0.257262 0.036458 0.008333
1 0.812240 0.259286 0.130729 0.006905
1 0.522396 0.274167 0.036458 0.008333
1 0.614583 0.275000 0.132292 0.004524
1 0.720313 0.274167 0.036458 0.008333
1 0.814323 0.276190 0.134896 0.006905
1 0.522396 0.285833 0.036458 0.008333
1 0.611719 0.286667 0.126562 0.004524
1 0.720313 0.285833 0.036458 0.008333
1 0.814323 0.287857 0.135937 0.006905
1 0.522396 0.297500 0.036458 0.008333
1 0.616146 0.298333 0.135417 0.004524
1 0.720313 0.297500 0.036458 0.008333
1 0.809896 0.298333 0.127083 0.004524
1 0.522396 0.308690 0.036458 0.008333
1 0.615365 0.310714 0.133854 0.006905
1 0.720313 0.308690 0.036458 0.008333
1 0.809896 0.309524 0.126042 0.004524
1 0.522396 0.320357 0.036458 0.008333
1 0.611458 0.321190 0.126042 0.004524
1 0.720313 0.320357 0.036458 0.008333
1 0.806250 0.321190 0.118750 0.004524
1 0.522396 0.331548 0.036458 0.008333
1 0.602083 0.332381 0.107292 0.004524
1 0.720313 0.331548 0.036458 0.008333
1 0.813542 0.332381 0.133333 0.004524
1 0.522396 0.342738 0.036458 0.008333
1 0.616406 0.344762 0.135937 0.006905
1 0.720313 0.342738 0.036458 0.008333
1 0.802865 0.343571 0.111979 0.004524
1 0.151302 0.390893 0.091146 0.014881
1 0.357812 0.385714 0.295833 0.006429
1 0.151302 0.414702 0.091146 0.014881
1 0.366667 0.409524 0.313542 0.006429
1 0.151302 0.438512 0.091146 0.014881
1 0.334115 0.431726 0.248438 0.003214
1 0.151302 0.462321 0.091146 0.014881
1 0.361979 0.457143 0.304167 0.006429
1 0.151302 0.487321 0.091146 0.014881
1 0.348698 0.482143 0.277604 0.006429
1 0.151302 0.512321 0.091146 0.014881
1 0.346094 0.505536 0.272396 0.003214
1 0.151302 0.536131 0.091146 0.014881
1 0.355469 0.530952 0.291146 0.006429
1 0.151302 0.561131 0.091146 0.014881
1 0.369792 0.555952 0.319792 0.006429
1 0.151302 0.584940 0.091146 0.014881
1 0.376563 0.578155 0.333333 0.003214
1 0.151302 0.608750 0.091146 0.014881
1 0.363802 0.601964 0.307812 0.003214
1 0.585938 0.388929 0.031250 0.007143
1 0.733594 0.386964 0.243229 0.004881
1 0.585938 0.406548 0.031250 0.007143
1 0.741667 0.404583 0.259375 0.004881
1 0.585938 0.426429 0.031250 0.007143
1 0.746354 0.424464 0.268750 0.004881
1 0.585938 0.441786 0.031250 0.007143
1 0.719271 0.438512 0.214583 0.002262
1 0.585938 0.456786 0.031250 0.007143
1 0.727344 0.454821 0.230729 0.004881
1 0.585938 0.474405 0.031250 0.007143
1 0.745052 0.471131 0.266146 0.002262
1 0.585938 0.489405 0.031250 0.007143
1 0.744010 0.487440 0.264062 0.004881
1 0.585938 0.509286 0.031250 0.007143
1 0.743490 0.506012 0.263021 0.002262
1 0.585938 0.524286 0.031250 0.007143
1 0.735156 0.521012 0.246354 0.002262
1 0.585938 0.539286 0.031250 0.007143
1 0.738281 0.537321 0.252604 0.004881
1 0.585938 0.556905 0.031250 0.007143
1 0.745833 0.554940 0.267708 0.004881
1 0.151302 0.669821 0.091146 0.014881
1 0.374740 0.664643 0.329688 0.006429
1 0.151302 0.693631 0.091146 0.014881
1 0.371094 0.686845 0.322396 0.003214
1 0.151302 0.717440 0.091146 0.014881
1 0.304948 0.710655 0.190104 0.003214
1 0.151302 0.741250 0.091146 0.014881
1 0.354167 0.734464 0.288542 0.003214
1 0.151302 0.765060 0.091146 0.014881
1 0.375521 0.759881 0.331250 0.006429
1 0.392188 0.775655 0.028125 0.002024
1 0.151302 0.789107 0.091146 0.014881
1 0.364323 0.783929 0.308854 0.006429
1 0.396094 0.799702 0.028646 0.002024
1 0.151302 0.813155 0.091146 0.014881
1 0.370833 0.806369 0.321875 0.003214
1 0.151302 0.836964 0.091146 0.014881
1 0.363542 0.831786 0.307292 0.006429
1 0.151302 0.860774 0.091146 0.014881
1 0.351042 0.855595 0.282292 0.006429
1 0.151302 0.884583 0.091146 0.014881
1 0.362500 0.877798 0.305208 0.003214
1 0.585938 0.667857 0.031250 0.007143
1 0.734896 0.665893 0.245833 0.004881
1 0.585938 0.687738 0.031250 0.007143
1 0.736198 0.684464 0.248438 0.002262
1 0.585938 0.702738 0.031250 0.007143
1 0.725260 0.699464 0.226562 0.002262
1 0.585938 0.717738 0.031250 0.007143
1 0.734896 0.715774 0.245833 0.004881
1 0.585938 0.735357 0.031250 0.007143
1 0.747135 0.733393 0.270313 0.004881
1 0.585938 0.752976 0.031250 0.007143
1 0.739583 0.749702 0.255208 0.002262
1 0.585938 0.765714 0.031250 0.007143
1 0.740885 0.763750 0.257812 0.004881
1 0.585938 0.783333 0.031250 0.007143
1 0.744531 0.781369 0.265104 0.004881
1 0.585938 0.803214 0.031250 0.007143
1 0.738021 0.799940 0.252083 0.002262
1 0.585938 0.818214 0.031250 0.007143
1 0.708073 0.814940 0.192188 0.002262
1 0.585938 0.830952 0.031250 0.007143
1 0.729688 0.828988 0.235417 0.004881
1 0.495312 0.904524 0.097917 0.006905
1 0.224479 0.926845 0.255208 0.008929
1 0.495312 0.926845 0.255208 0.008929
1 0.766146 0.926845 0.255208 0.008929
1 0.326042 0.960952 0.322917 0.005238
1 0.517448 0.952202 0.028646 0.006548
1 0.561719 0.952202 0.028646 0.006548
1 0.605990 0.952202 0.028646 0.006548
1 0.650260 0.952202 0.028646 0.006548
1 0.247135 0.974762 0.165104 0.005238
1 0.247135 0.980000 0.165104 0.005238
1 0.247135 0.985238 0.165104 0.005238
1 0.247135 0.990476 0.165104 0.005238
1 0.396615 0.974762 0.133854 0.005238
1 0.396615 0.980000 0.133854 0.005238
1 0.396615 0.985238 0.133854 0.005238
1 0.396615 0.990476 0.133854 0.005238
1 0.557552 0.974762 0.188021 0.005238
1 0.557552 0.979881 0.188021 0.005238
1 0.557552 0.985238 0.188021 0.005238
1 0.557552 0.990476 0.188021 0.005238
1 0.738802 0.974762 0.174479 0.005238
1 0.738802 0.980000 0.174479 0.005238
1 0.738802 0.985238 0.174479 0.005238
1 0.563281 0.999405 0.070312 0.001190
2 0.257812 0.952262 0.181250 0.005000
